Episode,Score
1,161.55149229044298
2,457.4167998074149
3,141.39019281536045
4,156.64388411548484
5,159.0268939035907
6,148.14580644437908
7,145.59613441598006
8,163.84675542615744
9,280.3506416403518
10,631.1700353174978
11,1219.4951244455062
12,942.4883381652554
13,896.9712852491083
14,291.62074012200765
15,1207.6849941628518
16,940.5982945637038
17,908.416247276771
18,950.5639617574144
19,1195.836042282834
20,941.351421735018
21,906.2478113173488
22,1208.2247252207949
23,913.0413888274388
24,290.7964975330584
25,917.143962596714
26,944.8149577768384
27,914.1717437376304
28,274.65207522088934
29,286.06120854153824
30,929.115032406811
31,943.522186922344
32,730.6622765187418
33,1221.3171234901022
34,598.6968289880319
35,895.2631670114534
36,284.58872114199943
37,262.5017991591669
38,951.0696302964618
39,287.1948142781968
40,1198.1027728115837
41,941.9133072583862
42,286.25905828422566
43,272.06619141216834
44,284.1753373669413
45,876.007474347561
46,277.9490936098504
47,1241.2021325775115
48,1248.2256265006272
49,1199.82258293787
50,826.9120131412008
51,273.66315379373776
52,621.9499859705431
53,285.9048676773455
54,960.9332169257736
55,279.02174277927486
56,940.8436326976134
57,980.0328530702892
58,1194.4975395590532
59,262.9114426277441
60,920.3541234667016
61,267.3340248156515
62,1211.2709743005698
63,923.8576102078008
64,285.43583096377085
65,931.4327285147464
66,274.05715167971164
67,270.5753686347901
68,944.7361008125342
69,276.4464769531529
70,276.85760243072934
71,276.6727752278127
72,272.45976774837544
73,896.8691194402431
74,933.918335386639
75,288.0693086824712
76,945.3544134868952
77,280.9620365975474
78,1213.9257142894464
79,959.5131260057248
80,931.2510528572404
81,272.38868317022053
82,265.46776773717204
83,888.2928403016863
84,604.1085672436745
85,966.2931102278176
86,270.81272415057214
87,1157.275537271369
88,278.1625545388131
89,279.25413883746234
90,954.3215511507186
91,944.173569104657
92,1222.9856257617566
93,284.98226913735556
94,940.2354518351068
95,278.2464723308187
96,1245.8677709679077
97,1215.4066751799874
98,937.990742291157
99,895.2899666752623
100,1172.80105318476
101,1246.0907630743693
102,928.6068162584568
103,908.2939644217583
104,624.4338924671455
105,1238.9319269401158
106,280.3171029238208
107,908.3701433353831
108,1208.7978493715677
109,618.2775685559715
110,291.52089607173116
111,919.116024032788
112,944.2315588282297
113,1224.8183837565182
114,274.63343670753096
115,286.06484498472446
116,929.0368236930628
117,1228.1169460435513
118,698.763697972532
119,942.908513223951
120,599.105701007465
121,898.6526398276765
122,284.5288735773819
123,262.4906980214487
124,948.7461609739776
125,287.30242613231997
126,955.7527919221151
127,941.8699529979878
128,286.25905828422566
129,272.0661918690281
130,284.1753373669413
131,873.873335376934
132,277.94909360985037
133,1241.2021325775115
134,1375.2595338252504
135,1199.82258293787
136,826.9120131412008
137,273.66315379373776
138,621.9499859705431
139,285.9048676773455
140,960.9332169257736
141,279.02174277927486
142,940.8436326976134
143,980.0328530702891
144,1194.4975395590532
145,262.9114426277441
146,920.3541234667017
147,267.3340248156515
148,1211.2709743005698
149,923.8576102078009
150,285.43583096377085
151,931.4327285147465
152,274.05715167971164
153,270.5753686347901
154,944.7361008125342
155,276.4464769531529
156,276.85760243072934
157,276.6727752278127
158,272.45976774837544
159,896.8691194402431
160,933.918335386639
161,288.0693086824712
162,945.3544134868952
163,280.9620365975474
164,1213.9257142894464
165,959.5131260057249
166,931.2510528572403
167,272.38868317022053
168,265.46776773717204
169,888.2928403016863
170,604.1085672436745
171,966.2931102278175
172,270.81272415057214
173,1398.1126310711015
174,973.674313514612
175,273.4940291058734
176,926.4487678176557
177,950.3574295175163
178,266.56286383923845
179,1224.8515657937435
180,276.93824492209615
181,626.5065303630553
182,942.5097211945996
183,265.3201143386711
184,282.471409836856
185,282.8990111668295
186,281.75820361188954
187,607.4354403091777
188,914.9520977660188
189,281.02526541014
190,275.57220720269333
191,272.1966606795807
192,1255.0913404368123
193,286.16358463426207
194,935.2795763626292
195,927.8610474416608
196,926.6737926542609
197,914.685929623722
198,286.5153375399309
199,932.1916811210551
200,278.4743180745817
201,1180.2214238672357
202,1168.26487792902
203,282.8344003203649
204,910.331200271035
205,618.602024101297
206,279.80572922293425
207,635.3339035580468
208,272.055441326747
209,933.7946969445522
210,1195.537176354874
211,939.6275068302751
212,923.2493819492147
213,1207.592300282941
214,598.7940767121522
215,952.8090397160462
216,916.4761268927483
217,271.6924125605418
218,1177.7625320334625
219,895.42541017817
220,620.3481701264362
221,931.8643270333207
222,1211.9058828813681
223,938.5789323159149
224,277.34499377600736
225,272.39387057089124
226,273.5408170082785
227,620.9506380100794
228,274.0329351801146
229,920.9479468842858
230,618.3237809674403
231,269.6114144207493
232,268.48136303239835
233,609.1369689570921
234,923.2759877635488
235,933.912809735111
236,271.0960679244687
237,275.66889823959497
238,939.2302410359127
239,938.532967219525
240,953.2498921162132
241,282.3177449133468
242,1200.9519017448506
243,273.4752088396869
244,945.4055271625754
245,265.6587913366064
246,271.27663256712736
247,260.6093616090661
248,932.3262808221066
249,619.1135473288458
250,917.9226353347311
251,280.8457889734163
252,1157.6225185462577
253,948.5870443672526
254,929.4110055976114
255,938.7153140981518
256,268.58631239107626
257,912.3596923395555
258,879.9603746068478
259,265.4092481578986
260,277.6572420049871
261,938.6809307377096
262,1267.068625309983
263,935.5600759406577
264,270.5756288190297
265,919.3061789922766
266,263.7732368635201
267,911.1403437151592
268,609.1978595682899
269,907.8027988183912
270,266.8517319823269
271,276.20563903036145
272,917.6543195449232
273,279.2631663843716
274,276.42118994353723
275,269.31332694179036
276,629.1479772556074
277,934.240623741555
278,945.2232765461936
279,929.6283701550707
280,936.6393792448183
281,936.57860943429
282,850.5801703040471
283,887.6172213448414
284,1133.9412487901752
285,275.49629512336725
286,928.3096696860499
287,1223.5935234335807
288,612.503788850775
289,270.81500632045436
290,272.3327449669879
291,1177.3875226696618
292,922.8657569809455
293,274.67414823957813
294,912.4099648095823
295,949.645472588496
296,272.2406390373041
297,260.2532122101549
298,612.9075360769029
299,276.8272730100553
300,614.3398826069721
301,273.84457940572554
302,274.41323902444014
303,925.5180584598721
304,614.8893995545685
305,908.1784159021444
306,916.1506587364601
307,929.0288505628037
308,275.9192286136374
309,285.2180900515445
310,908.5712721922938
311,921.1325545094813
312,268.20986046496097
313,904.4451315558612
314,717.472720199602
315,954.6646406177458
316,282.5847703701065
317,931.3268997888174
318,1067.0009314365154
319,920.8496964210119
320,1233.6770626838852
321,1206.8007860169134
322,268.3367321503363
323,281.4431797535226
324,936.5160181383307
325,919.9619125982083
326,270.240609643958
327,934.6954345126186
328,272.60172327610087
329,940.3955625264166
330,972.4694624148142
331,1202.91979945582
332,260.34932188346335
333,270.31762407449656
334,1231.8803689462277
335,263.213532952193
336,276.9677624310221
337,283.23094270634937
338,936.0763209690281
339,928.2503118789025
340,270.3932659234433
341,954.8513155487291
342,919.101860172103
343,269.77488981310614
344,902.8739118393853
345,604.4266431065939
346,282.8522127862292
347,955.6811730091396
348,610.2070365789721
349,278.78467112809983
350,266.4961757124444
351,333.7378216548575
352,1601.6436655102525
353,948.344572254818
354,330.8477295853748
355,333.8130035704311
356,330.7360536202867
357,1562.9177691474874
358,330.3908122177145
359,332.3309593987021
360,334.27190498293436
361,333.6102823865411
362,332.59377659077825
363,331.46906173625143
364,330.72579905036594
365,333.89763946769455
366,333.8612290959384
367,334.58319604480926
368,331.914924947768
369,332.8518424153948
370,334.73603594091657
371,1029.3714154661611
372,333.9354526177065
373,334.66898866922696
374,332.95269205541786
375,691.0504035268835
376,333.01663759542015
377,333.7095006158935
378,333.39039140591996
379,336.06993097244805
380,332.9704203135517
381,334.2914973817696
382,333.52765826401725
383,334.31733524121154
384,334.58579367157256
385,1591.3286152637386
386,333.7297183780186
387,333.90704923798495
388,331.94978336893854
389,333.8912738093942
390,332.78672664408305
391,334.05915036499243
392,334.3562218467526
393,332.68409432363796
394,327.9210098567753
395,333.91163111560763
396,334.3495648995205
397,1034.642265264823
398,334.4164649640709
399,332.451098478119
400,334.53190551641336
401,334.1851142974988
402,334.5070638099888
403,1612.6836447858223
404,333.87231585405056
405,332.8877741409968
406,332.86481085204565
407,332.03501849522127
408,1605.9655533834011
409,334.7352239053427
410,330.7361851806379
411,333.0602886437509
412,1030.6070021811188
413,330.02235588485166
414,331.72741420646565
415,334.7328503876291
416,332.8608788103652
417,333.54869243375515
418,1030.1894555626027
419,333.7799830852898
420,334.274354365645
421,331.9722376858268
422,332.1844771978615
423,332.8788663534682
424,332.19976816584307
425,334.16836809612414
426,328.78012541117965
427,1026.404575283126
428,334.48991355053874
429,332.19170326579564
430,333.3399659494419
431,332.8037280014523
432,332.79688575573573
433,331.65240044331716
434,333.2404109005401
435,333.01066941007133
436,333.82729486940826
437,333.5947943118258
438,334.6631052712086
439,332.8636113899978
440,334.809608069154
441,331.52987242919716
442,333.94899945430325
443,332.9771501917984
444,334.08695061114986
445,333.426453943182
446,334.00077792997234
447,331.9231613042048
448,332.2072873427878
449,331.84413725785276
450,334.3347815954593
451,900.054784745978
452,331.71682358988386
453,335.1640608295872
454,333.4118396610292
455,332.5846533497441
456,333.749395220234
457,332.4221575882375
458,330.61590044788863
459,334.0039037690244
460,333.4465919627324
461,332.79732850017945
462,332.05358150005657
463,334.7425940209123
464,1570.6987937252568
465,333.47952762660964
466,329.96084172764927
467,333.7742993026971
468,333.4265910614872
469,332.9181560127804
470,334.0468359501981
471,332.305263453583
472,331.06309854659276
473,334.05166452669704
474,333.3828645146917
475,689.9237444400947
476,331.61846743567645
477,334.52772923867315
478,334.87606419244133
479,332.0705451649195
480,331.90796299237627
481,333.8584475924577
482,331.92956628505345
483,333.6424797872898
484,331.61045473181184
485,332.9505653148609
486,331.85426855127344
487,1027.880166793987
488,334.44455428763774
489,329.4588581869331
490,332.5099891963313
491,334.46877036083526
492,331.76840544837256
493,334.4086531587214
494,335.4968443097701
495,334.34827479447347
496,330.7538977173542
497,332.13539792376366
498,332.88089509400305
499,333.574171592477
500,331.9292856687636
501,332.10352514462
502,330.44768609220984
503,330.46137377442
504,334.5064288383294
505,334.82830244116013
506,1586.351552725804
507,333.33877828584
508,332.37823869405696
509,331.62922331755516
510,334.1445052299646
511,332.181364206644
512,335.58539759782514
513,332.49031950481225
514,1616.2618829765624
515,333.3975583840776
516,334.8608490907144
517,335.087442992498
518,334.1726251598233
519,332.92190396855347
520,335.37210900072665
521,331.71313212527707
522,332.0286249261033
523,334.1401294189851
524,331.6517617390075
525,334.1539464204018
526,334.26341505785155
527,333.0513649941938
528,331.24844972911865
529,335.2725382267507
530,333.4281929420778
531,335.0258926111268
532,335.0899327780234
533,333.2472926277239
534,331.89072119382365
535,331.2046853704503
536,334.4279773205285
537,334.08370942264935
538,335.24869921759876
539,1029.2016924664388
540,333.11522465358007
541,331.8380347470434
542,333.4572908257884
543,333.15230114060535
544,335.0260294678898
545,333.68470838424486
546,333.93967656532595
547,334.22343217191514
548,331.92512533288624
549,333.741238911209
550,333.7255646106121
551,332.85758938574065
552,333.5323081542253
553,331.8065959057264
554,333.7533061559834
555,332.2252789357301
556,334.56991904750004
557,694.0981948370852
558,333.5196629652967
559,334.1792989888374
560,1464.4428417697375
561,333.1860490105174
562,333.99559619864766
563,332.68126402489605
564,1510.8023508141364
565,334.0061449746941
566,333.85014340556614
567,333.5023700464343
568,335.43161065966
569,329.9445702835939
570,333.7125623074977
571,334.1595020805646
572,333.08795492812374
573,335.3571761164968
574,332.76918875120407
575,333.8433578232372
576,332.9803864465229
577,331.7603033931775
578,1590.0487937107569
579,333.2297187175385
580,333.9933563127518
581,335.5786327347427
582,335.02352613507816
583,332.924082168907
584,333.2134408394623
585,1561.887012001716
586,333.0395769322323
587,334.4742120132886
588,329.94400854347043
589,331.3438411049853
590,331.62484147231095
591,335.64570479932036
592,332.67541187428606
593,332.9424788208981
594,332.91151323472525
595,333.2580591999057
596,1597.5742701109239
597,332.7455859398747
598,333.4286067167085
599,334.6960296537807
600,332.2250795889655
601,333.91737398888444
602,332.4716772691779
603,333.0875066210274
604,1620.1839071928168
605,333.0841594773548
606,334.3645975095971
607,1570.6029724127336
608,332.7116963530068
609,330.9884314098241
610,1606.9368966143968
611,1598.3115721259026
612,332.4418536706753
613,1033.820184844227
614,332.7109105579626
615,332.6027741438536
616,333.33446948294187
617,330.5539835885352
618,333.5374161423098
619,332.87376714970145
620,333.81783770078994
621,334.4943601840238
622,1612.6417208284083
623,332.829129573392
624,330.80070315788714
625,334.83485873131525
626,332.8217784937237
627,332.6293096395929
628,333.81682794281954
629,332.4302627673612
630,1007.6229989358156
631,332.477432272942
632,332.54603883599714
633,332.31977096462873
634,333.6859374686074
635,332.6003810256213
636,333.97232889920946
637,333.1737063238757
638,332.3557691201054
639,332.78726448406013
640,334.58524539497495
641,328.5888933643513
642,333.0582518016924
643,329.3654847012471
644,332.0914299937318
645,333.20590150179237
646,333.39542877394643
647,332.81264521954347
648,334.33295854843277
649,332.9333386669926
650,332.8745875623226
651,334.0514136674568
652,335.06725742893735
653,332.419375623438
654,333.2633898537809
655,333.01842003424025
656,331.0293046293154
657,333.00644823567654
658,334.2594644823135
659,332.7905830802625
660,330.6091342456922
661,333.0720966108923
662,333.26549423795666
663,331.3847501319629
664,1586.0895142889779
665,1576.9049270155303
666,330.48943477877833
667,334.40934369436616
668,334.13288129100147
669,333.5252757890766
670,331.5120345870301
671,333.3094834993452
672,328.9001700545111
673,333.9218322152058
674,335.11847894211365
675,334.49184253207386
676,1611.3915285755443
677,332.6888032661115
678,333.60626778815964
679,332.3708802373091
680,1616.274892224306
681,334.25001500529294
682,330.84344736081124
683,333.1636789231461
684,1030.025566150102
685,335.6908363219052
686,1609.1074013231828
687,332.31452076122275
688,333.82405333164775
689,334.8194514361709
690,334.099538525992
691,333.2580606256417
692,334.98116471988965
693,334.35307007094565
694,330.69152902473706
695,330.5978927533612
696,334.35720171525884
697,333.45101576967767
698,333.47177420954404
699,332.27781536635695
700,333.5469017251135
701,334.9732915137271
702,332.8458896939954
703,334.8177523158497
704,331.0031807851062
705,334.2032002965252
706,1628.832113485534
707,331.83494010304946
708,333.0150494995361
709,334.8940864066028
710,335.2006054065626
711,332.31954618345986
712,332.98204135365575
713,333.6855427439897
714,332.84529927142626
715,333.0478072562713
716,332.83076123838174
717,334.244877068022
718,332.0202098974976
719,331.84769936326353
720,335.18678587683854
721,334.7478885102871
722,333.40645648334834
723,1586.468373022682
724,334.25019560535173
725,894.2399160759188
726,333.9169133232259
727,333.9928923414957
728,332.1538048075666
729,332.43003793634114
730,333.05290026216574
731,332.9808114825749
732,331.3345026703379
733,334.7274549823337
734,334.26256395010336
735,334.2336710919296
736,333.39745059912985
737,332.4472395598364
738,333.2588226890564
739,332.34099449036216
740,332.27608912335455
741,334.1496084843694
742,335.0834911166596
743,332.8973836317989
744,1030.3933279369335
745,333.91126990909606
746,332.4362199838029
747,334.34623664380746
748,332.3346126965825
749,334.18173041834103
750,334.31678607784494
751,332.80411435710516
