Episode,Score
1,288.8447671990098
2,260.89955429345395
3,267.71641048106227
4,261.0353324106509
5,276.935755481002
6,279.90735337780507
7,281.9446323126495
8,259.83661783029754
9,279.9528104209583
10,275.9779201162234
11,273.43603723256206
12,281.98694259840016
13,291.3964962123234
14,249.92831873265044
15,287.41639822053816
16,278.88717229455096
17,251.75041201603707
18,253.66905473991415
19,255.56819189465386
20,252.64983643254726
21,331.6075939457086
22,265.6095727322108
23,361.3446695757976
24,250.63650461880644
25,247.60608724124103
26,315.57654919792236
27,320.68711817391033
28,242.61671948638948
29,381.617434097478
30,323.60646783038595
31,243.5756722443976
32,253.51034710390212
33,268.824638827783
34,253.30725685363217
35,249.2893105071802
36,251.17631826798527
37,248.42471143397623
38,335.9842661836174
39,253.64893952710446
40,238.33331456866267
41,254.35743812291457
42,253.48049749956
43,266.92366917990694
44,250.62463642707158
45,277.1705693321078
46,242.49141116189773
47,250.51029988205178
48,254.48336930304237
49,314.5397830986551
50,273.3267145569053
51,251.62314829295403
52,251.4472365212266
53,282.0885623604439
54,319.9293756741443
55,251.2068851422208
56,265.47400505077565
57,250.45869835720117
58,261.84912166090425
59,252.3975221936954
60,253.30731875735594
61,263.93910671051833
62,249.5107962409139
63,262.0133582420648
64,317.3039187023239
65,258.95415911405615
66,293.00510611032405
67,252.0575009930505
68,253.1673504725195
69,252.96500090629522
70,259.9687969770646
71,257.55125149253075
72,250.1959276826939
73,215.16819031246433
74,264.4299298541852
75,205.97961977317442
76,268.5446098122718
77,242.0314459894927
78,253.05163885116275
79,254.76095313922133
80,249.22553878851915
81,253.053870363367
82,259.45996559036206
83,457.302863664963
84,269.48168827247434
85,253.07992891633432
86,256.0781203540529
87,287.0465266286316
88,257.98607024088597
89,421.9730005142612
90,250.0181552190979
91,262.60423356705974
92,250.02633855780815
93,255.00468273971123
94,249.05547759049844
95,266.9506706904431
96,258.9368602881348
97,350.06609929717916
98,267.56331927893615
99,295.2955540913849
100,347.4310396963331
101,303.63424282015575
102,332.99837963901365
103,306.63690608948644
104,271.6763720642907
105,326.0920775261652
106,366.5391559566441
107,276.40435939522825
108,331.90198929825937
109,254.47153128344507
110,324.49704076082367
111,323.59513165098775
112,267.05330774021905
113,408.72012083121143
114,254.69313041729336
115,362.14494503744027
116,263.24759038982273
117,268.67291296127576
118,413.1685283182132
119,257.6420095453508
120,526.6453198377195
121,467.14855994450267
122,325.13285889403545
123,395.6715114957271
124,381.4781004783149
125,327.25557208511407
126,253.53042739651383
127,268.6826114273385
128,339.9861072968954
129,486.91656830291464
130,153.82267769056506
131,141.320440932641
132,407.3316078962735
133,756.9279309151952
134,288.0784265890125
135,266.593274523012
136,388.9639263185107
137,398.3171219962743
138,360.57395322438646
139,284.1060781318363
140,151.3002499465758
141,423.47940835673256
142,470.049176620168
143,140.27459379797799
144,428.0432446263092
145,404.4582650201537
146,480.5257438964817
147,148.2907251741743
148,314.5286400195987
149,388.9352894862044
150,396.23755062159887
151,349.3906992315441
152,388.85343054030983
153,320.489836019974
154,272.8568949645072
155,612.2294658465936
156,271.8543380997481
157,456.3109638366089
158,513.7668656062021
159,274.92805671544716
160,468.1277598710529
161,367.92193814491793
162,403.82983295105544
163,435.2028644830973
164,314.45839037509376
165,271.09503418532705
166,290.63117356179436
167,251.6073706064522
168,380.36861065636907
169,267.32356057219863
170,335.3795329151718
171,505.0698661030008
172,265.4900778240285
173,384.5626114269012
174,425.4836970588437
175,436.010274229931
176,156.31770992618792
177,278.53456715115726
178,257.26346109929534
179,448.86271118487474
180,425.97380613375896
181,253.09008810805196
182,446.8423430498944
183,254.0349460204123
184,493.50251485895797
185,412.8040251207738
186,324.60847402011143
187,288.92186517545775
188,399.43407980526797
189,407.67275603584676
190,459.3371170274568
191,324.8370219249427
192,436.8736105449355
193,349.2340769398579
194,373.9060005127246
195,255.0779685240188
196,280.5241095557319
197,334.05562500618555
198,171.34580512982376
199,264.4019338018936
200,267.45277985585295
201,417.07193345392875
202,267.91338582999055
203,313.9627701395854
204,170.3835333458943
205,298.5455693776849
206,447.9523587813285
207,399.3822354282234
208,410.5760644827042
209,496.9243943856372
210,268.46352649875547
211,252.80985687397188
212,347.8833297369887
213,504.4981355846505
214,297.9682629305309
215,134.7689741217714
216,162.33838333163848
217,160.31696114396246
218,144.29241555428743
219,300.1155680290203
220,135.7858554682098
221,151.29478293773582
222,433.62301541542104
223,464.54121887719884
224,258.9472798433955
225,192.44806092745944
226,367.39010626440296
227,255.67264171830004
228,250.55969435943135
229,266.5326876388083
230,152.82720213696234
231,390.1299212920332
232,195.93450719863858
233,356.62369387945154
234,252.0281547768069
235,261.7156607705126
236,165.35673540488725
237,559.8671530496545
238,287.08462341601813
239,141.28437874011598
240,264.27721793646634
241,271.2557692939804
242,252.0365629870747
243,136.79367634212804
244,258.0875127800031
245,332.45607480235066
246,184.88636542756768
247,257.19416473279966
248,257.1975859579948
249,261.9444659286545
250,321.0187472810048
251,476.51566124372096
252,329.7046825097276
253,128.76594273394397
254,271.58717381024115
255,309.0049170364165
256,258.1838967840195
257,165.84563832939048
258,176.83391332166
259,311.3388314498404
260,259.9732246707918
261,523.9952835818088
262,177.36006186246343
263,456.29334643860756
264,253.8724099499246
265,535.8278263338344
266,156.3041862993716
267,346.44359882580034
268,470.6622733114598
269,298.0360547585329
270,259.945261578602
271,226.0041181659111
272,434.05124085230034
273,318.0238579829873
274,359.5662455508814
275,365.5454726420972
276,479.29117790761177
277,388.5619264311639
278,580.4132832467017
279,176.83894040611776
280,300.55280187042314
281,425.72994338733923
282,422.46169304838503
283,319.11035809680305
284,323.6201711057835
285,244.03524927987849
286,399.17478890083515
287,355.6156149833831
288,198.94355089037043
289,289.60415917584805
290,269.77255572491026
291,269.643887120616
292,314.0653407319999
293,385.75413494165093
294,252.31978455876154
295,264.32443266616116
296,354.1565568445048
297,317.4262699756551
298,247.31501095322668
299,278.2587150661644
300,344.037018724886
301,249.94936544269666
302,248.30472540743543
303,268.319087010516
304,235.32151017804443
305,242.84865575491543
306,331.26453736250454
307,231.3063841466174
308,232.34210144270608
309,245.30926337148256
310,214.30485753813127
311,223.3176704734507
312,314.07132690214394
313,250.43245169708783
314,438.79005374763756
315,584.9628213612671
316,231.30435561254268
317,200.30094143338178
318,262.9739616605628
319,304.01870978272336
320,223.31644267828318
321,254.30535179435094
322,441.2499304947772
323,251.34401671689338
324,363.0052254982642
325,210.3048565121108
326,200.30094139701743
327,200.30094164795995
328,281.070207303482
329,200.3009416994327
330,215.30709190404187
331,248.3165851483952
332,279.9318725710279
333,200.3009415616446
334,220.37922535865485
335,250.3447541910759
336,298.3153666945222
337,175.4348615930499
338,200.30094178554359
339,238.3096266577665
340,291.5928096838074
341,200.30094163421467
342,222.30198587447327
343,220.30310894404928
344,276.85685815529064
345,206.306184291772
346,222.31431688212854
347,200.30094153119578
348,579.7479858785374
349,223.30293449997725
350,237.4358551780057
351,231.30785647076527
352,222.30306564546282
353,270.3148400278274
354,254.32493639863884
355,270.54559604580777
356,252.313530736397
357,262.337720078782
358,200.3009415707367
359,230.31007235965947
360,207.30382461114874
361,226.3199218742603
362,230.30657733144042
363,228.3033983854229
364,254.30330953127302
365,230.31068759376194
366,238.32699485883867
367,238.31277720620935
368,224.30747153884178
369,200.30094157482756
370,200.300941585232
371,200.30094145876856
372,250.30999767092885
373,200.300941669348
374,262.4158652880975
375,226.32513739874747
376,210.30463750260617
377,260.304687327813
378,343.5232670392744
379,237.30317648789605
380,232.30493680446898
381,264.31903745118586
382,256.30677637122335
383,273.81758729928515
384,207.30240289240658
385,223.30539110431278
386,260.30465679305587
387,254.32208582209822
388,221.304642143988
389,200.3016860205496
390,214.30596920809057
391,200.30163922994376
392,266.33430665699586
393,220.3086554910936
394,241.31492075787907
395,249.31982613437847
396,201.30206223672803
397,214.306585457805
398,533.1417774814147
399,200.3014461245335
400,276.3176821424789
401,306.2571010392613
402,282.3212343191445
403,252.81691749839268
404,233.3043007486617
405,247.31549378014046
406,200.30102472173863
407,279.32357531507904
408,232.3156488030896
409,267.8543881787935
410,250.3164489434303
411,282.8211485067258
412,267.34205777982163
413,200.3011125239897
414,267.3314457393378
415,200.30094104080115
416,226.3507675129001
417,233.31310302486264
418,244.3249320596267
419,244.35626812375222
420,257.3045836052265
421,252.3212042739721
422,249.3182563525373
423,238.33446319408358
424,211.30679829841878
425,213.31060106805518
426,220.3098972113075
427,200.3028617686057
428,200.30094091587077
429,212.304194585381
430,241.32371751354506
431,201.30145393114825
432,269.30529278153267
433,235.3284098340288
434,221.31144043745988
435,232.3099375102908
436,200.3021758459296
437,235.31434058201802
438,200.30094095156875
439,220.3089373546559
440,200.3009398721891
441,257.3048409250892
442,268.31096896436225
443,200.30094093030425
444,200.30094051904686
445,247.3053277076106
446,200.30094097658153
447,200.30094072905212
448,200.3009410491156
449,200.3009411215897
450,276.3056764207843
451,200.30240158717308
452,200.30094104906766
453,200.30094112512566
454,200.300940117138
455,273.30741309805455
456,200.30093980752193
457,200.3009405090637
458,213.3039929472237
459,200.3040377989291
460,200.300939712586
461,200.30094057697355
462,200.300940319002
463,200.30093974577758
464,200.30093973018228
465,200.30093973179908
466,200.30094047907954
467,200.30094024548606
468,200.30094078379676
469,200.30093970836373
470,250.31106405295137
471,200.3009408607674
472,200.3009408376176
473,200.30094050503948
474,200.3009406259939
475,200.30093977376433
476,200.30093975257455
477,200.3009402025508
478,200.3009406048534
479,200.3009403278336
480,200.300940710988
481,200.30100830391137
482,200.30094009114754
483,200.30094095310943
484,200.30094058382815
485,200.30093976893718
486,200.3009409080358
487,200.30094047013156
488,200.30094025926462
489,200.30094032020347
490,200.3009402150967
491,200.30094080513572
492,200.30094098175246
493,200.30094076402133
494,200.30093969853453
495,200.3009403888854
496,200.30093970521142
497,200.30094066215642
498,200.300939719483
499,200.30094084293145
500,200.30093983342104
501,200.30093974813843
502,200.30094014300954
503,200.30093971942475
504,200.30094056924924
505,200.30094066020632
506,200.3009406891863
507,200.300940582306
508,200.30094052947155
509,327.8152876955179
510,200.30094013066773
511,200.30093975547405
512,200.30094035521788
513,200.30094054439414
514,200.30093972652227
515,209.3036481931574
516,205.3025959558155
517,200.30094032677874
518,200.30093973161362
519,200.30094091006774
520,200.30093971456512
521,200.30094008338378
522,200.30094012813177
523,200.30094035278213
524,200.30093970784776
525,200.3009399791322
526,200.3009397303499
527,200.30094070147598
528,200.30093981449232
529,200.30094070628846
530,200.30093972156084
531,200.3009407642985
532,200.3009397084174
533,200.30093972702136
534,200.30094044692004
535,200.3009407465558
536,200.30093970336873
537,200.3009404686609
538,200.30094032084477
539,200.3009405472208
540,200.30093970336873
541,200.300940773893
542,200.30093977544328
543,200.30093970433163
544,200.30093971298433
545,200.3009396990435
546,200.30094038925628
547,200.30093987310096
548,200.30093972289313
549,200.30094031189466
550,200.30094069499935
551,200.3009397312482
552,200.3009397067577
553,200.30093974341074
554,200.3009397144719
555,200.30093969586719
556,200.30093970906074
557,200.30093970336873
558,200.3009401572106
559,200.30094074038365
560,200.30093970073528
561,200.30093969504327
562,200.30094031188065
563,200.30093970336873
564,200.30094078215953
565,200.30094061339162
566,200.3009403257879
567,200.30094071668944
568,200.3009397242387
569,200.30094058695792
570,200.300940381984
571,200.30093970210388
572,200.30093972076145
573,200.3009397060377
574,200.30093970558835
575,200.3009404166868
576,200.30093970866122
577,200.3009397077173
578,200.3009402420121
579,200.30093993967617
580,200.30093972568733
581,200.30093970336873
582,200.30093970336873
583,200.30093971419913
584,200.30093969949306
585,200.30093982986983
586,200.30093975733172
587,200.30093969953234
588,200.30093971206054
589,200.30093970337205
590,200.30093970336873
591,200.30093972456928
592,200.30094053150538
593,200.30093979244867
594,200.30093983253857
595,200.30093970336873
596,200.30093970425443
597,200.30093970467885
598,200.30093970461772
599,200.30093970336873
600,200.30093986589898
601,200.30093996857644
602,200.30093972235966
603,200.30094061754346
604,200.30093971380742
605,200.30093970593794
606,200.30093970954965
607,200.3009404817049
608,200.30094060185417
609,200.30094033583953
610,200.3009397009787
611,200.30094030736376
612,200.30093972577552
613,200.30093972763368
614,200.30093972225185
615,200.3009397062134
616,200.3009397170387
617,200.30093972644895
618,200.3009400450335
619,200.3009396859655
620,200.30093970337145
621,200.30093970534074
622,200.3009397152591
623,200.3009405845107
624,200.3009403861228
625,200.30094056591616
626,200.30094054790254
627,200.30094061102662
628,200.30093970336873
629,200.30094060418705
630,200.30093971203146
631,200.3009397241272
632,200.30093970432677
633,200.30093970726116
634,200.30094040933315
635,200.30094037342988
636,200.30094061501794
637,200.30094016532692
638,200.30094088902752
639,200.30093970977597
640,200.30093995537948
641,200.30093970336873
642,200.30094006784392
643,200.30094033259957
644,200.30093970666718
645,200.30093970494963
646,200.30094083742478
647,200.30093970336873
648,200.3009402614496
649,200.30093970344058
650,200.3009404470373
651,200.3009397048722
652,200.3009403800332
653,200.3009397435936
654,200.3009406774623
655,200.30094063140746
656,200.30094028182114
657,200.30093973138676
658,200.30093970336873
659,200.30093985310035
660,200.30093969041462
661,200.30093970336873
662,200.30093971255417
663,200.3009397170531
664,200.30093978215197
665,200.30093969946088
666,200.30094032559506
667,200.30094061292246
668,200.30093991843674
669,200.30094092649293
670,200.30093971162435
671,200.30094074060096
672,200.30093971649424
673,200.30094063010853
674,200.3009397004413
675,200.30093973174348
676,200.30094006189196
677,200.30094019451
678,200.3009407372886
679,200.3009407510373
680,200.3009396999241
681,200.30094078262624
682,200.3009397033678
683,200.30094026707366
684,200.30093970768758
685,200.30093972547513
686,200.30094021815484
687,200.30093975770208
688,200.30094046243576
689,200.30093970201455
690,200.30093977806882
691,200.3009405280497
692,200.3009397180337
693,200.30093975680805
694,200.30093971225082
695,200.30094073833126
696,200.30094064628713
697,200.30094000931402
698,200.30094052885673
699,200.30094086339167
700,200.30094019831347
701,200.3009397663335
702,200.30093972176851
703,200.30094066337077
704,200.30094052660775
705,200.30094088021144
706,200.30094080572624
707,200.30094077297133
708,200.3009397046985
709,200.30094066453285
710,200.300939768922
711,200.30094018497118
712,200.30093970336873
713,200.30093974029094
714,200.30093977374474
715,200.30094010788704
716,200.3009405221462
717,200.30093970336873
718,200.30094032781736
719,200.30093970336873
720,200.30093970336873
721,200.30094002694526
722,200.30093970336873
723,200.30094014507517
724,200.30093970336873
725,200.30094004990815
726,200.30093969871606
727,200.3009406333727
728,200.30093977752105
729,200.30094016869967
730,200.3009396958135
731,200.30094023776536
732,200.3009404369589
733,200.300940433619
734,200.30094079876113
735,200.30093973001982
736,200.30093970422854
737,200.3009398806841
738,200.30093971340864
739,200.30093980962823
740,200.30094063934146
741,200.30093973011202
742,200.30093970336873
743,200.30093972298434
744,200.30094088204365
745,200.3009407895481
746,200.3009407666594
747,200.30094057310393
748,200.30094023581987
749,200.30094014752532
750,200.3009406392367
751,200.30094070701
752,200.30094053142358
753,200.30093998512794
754,200.30094078447823
755,200.30093972022067
756,200.300940419272
757,200.3009404134498
758,200.30094088230453
759,200.30093976409418
760,200.30094078040574
761,200.30094051616572
762,200.30094069082006
763,200.30094080127094
764,200.30094038051024
765,200.30094062378072
766,200.300940905121
767,200.30094039328085
768,200.3009408482803
769,200.30094100596537
770,200.30094097529158
771,200.30094043825457
772,200.30094053743454
773,200.30094088569848
774,200.30094090115074
775,200.3009407118647
776,200.30094054750967
777,200.30094047855712
778,200.30093973046758
779,200.3009402296767
780,200.30094097622379
781,200.30094053765868
782,200.30094055272775
783,200.30094088991711
784,200.30094059093253
785,200.3009409188866
786,200.3009407633805
787,200.30094084364572
788,200.30094083294483
789,200.30094067354398
790,200.30094047417813
791,200.30094001024352
792,200.30093970336873
793,200.3009406811152
794,200.3009404824851
795,200.30094078960693
796,200.30093970574276
797,200.3009397188023
798,200.30093968687038
799,200.30094090906647
800,200.30094066384817
801,200.30094089855834
802,200.30094064653804
803,200.30094088099312
804,200.3009397304841
805,200.30093972355473
806,200.30093984436445
807,200.30094016742785
808,200.30093970748013
809,200.30093970693818
810,200.30093970355645
811,200.3009397574315
812,200.30093970527457
813,200.30094076752812
814,200.3009397059292
815,200.30093977773817
816,200.30093969130607
817,200.30094032180028
818,200.30093999118927
819,200.30094059762598
820,200.3009406759349
821,200.3009397179492
822,200.30093971997326
823,200.30094000360023
824,200.30094014900445
825,200.3009403326876
826,200.3009402361554
827,200.30093973046138
828,200.3009407812498
829,200.3009400221476
830,200.300940343047
831,200.3009397191983
832,200.30093970467018
833,200.30093971022416
834,200.30094084659225
835,200.3009397135896
836,200.30093970135445
837,200.3009397169561
838,200.30093970524553
839,200.3009405453051
840,200.3009396995799
841,200.30093979370608
842,200.30093970336873
843,200.30094075025005
844,200.30093970818723
845,200.3009397067795
846,200.30094007072287
847,200.30094053446297
848,200.30094032872202
849,200.30094013342068
850,200.30094005788166
851,200.30094074292597
852,200.3009397088431
853,200.30093970989716
854,200.30093971872765
855,200.30094062860155
856,200.3009405217167
857,200.30093970847537
858,200.3009398572807
859,200.30094070152595
860,200.3009403455608
861,200.30094084591485
862,200.30094018906965
863,200.30094008426656
864,200.3009403189854
865,200.30093986111234
866,200.30094017152848
867,200.30094088997268
868,200.30094013387094
869,200.30094047471385
870,200.30094075800682
871,200.3009408166195
872,200.300940815123
873,200.30094089426956
874,200.30094070640288
875,200.30094079354595
876,200.3009400571925
877,200.30093972610507
878,200.3009401245005
879,200.30094027707815
880,200.30093981252278
881,200.30094074149872
882,200.3009397038689
883,200.30094011223756
884,200.30094038027553
885,200.30094069171673
886,200.30094071490163
887,200.30093970336873
888,200.3009407301961
889,200.30094050737594
890,200.30094061761184
891,200.30093969182354
892,200.3009405661003
893,200.30094030282817
894,200.30093970336873
895,200.30093970763315
896,200.30094077800243
897,200.30094074283446
898,200.30093970336873
899,200.30093970336873
900,200.3009396996957
901,200.30093970218857
902,200.30094091143457
903,200.30093970831174
904,200.3009405886663
905,200.30094065095057
906,200.3009397084478
907,200.30093970336873
908,200.30094059355307
909,200.30094026259826
910,200.30093984241813
911,200.30094066803406
912,200.30093970336873
913,200.30093973476033
914,200.3009404206345
915,200.30093971547367
916,200.3009406031969
917,200.30093971665855
918,200.30093970336873
919,200.30093996738523
920,200.30094080145287
921,200.30094009048662
922,200.3009407401418
923,200.30094050230946
924,200.30094089841748
925,200.30093970637648
926,200.3009398465857
927,200.30094065589535
928,200.30094021518929
929,200.3009397695033
930,200.3009407550756
931,200.3009407659093
932,200.30093980656463
933,200.3009409760951
934,200.30094073140395
935,200.30093986887294
936,200.3009407325257
937,200.30094022464078
938,200.30094067420453
939,200.30093972288398
940,200.30093975398893
941,200.30094077891417
942,200.30093970842142
943,200.3009407106086
944,200.30094080402355
945,200.30094063574438
946,200.3009408168372
947,200.3009406422633
948,200.30093970059542
949,200.3009397439892
950,200.30094066958998
951,200.30094040901201
952,200.30094074050217
953,200.3009399608119
954,200.30093997377125
955,200.30093970453038
956,200.3009398940874
957,200.3009397157334
958,200.30094050097068
959,200.30094055218757
960,200.30093970336873
961,200.30093977309107
962,200.30094034884067
963,200.30094006328042
964,200.30094065402665
965,200.30093969500618
966,200.30094092134684
967,200.30094072788506
968,200.30093970336873
969,200.30094066299998
970,200.30094080971486
971,200.30093970336873
972,200.30094036799952
973,200.30093972918394
974,200.30093972208323
975,200.3009400199731
976,200.30093971603853
977,200.3009397097327
978,200.3009410834839
979,200.30093975852927
980,200.30094024618714
981,200.30093971262616
982,200.30094011181876
983,200.3009397055097
984,200.30093970336873
985,200.30094001358503
986,200.30093970488153
987,200.30093970336873
988,200.3009408686278
989,200.30093970967783
990,200.30094064389593
991,200.30094030611968
992,200.30093970655525
993,200.30093970336873
994,200.30094034382986
995,200.30093970336873
996,200.30094078414257
997,200.30094078354742
998,200.30093971932845
999,200.30093970336873
1000,200.30093970352368
1001,200.30094060127348
1002,200.30094029642248
1003,200.30094067964242
1004,200.30093972568395
1005,200.3009407849026
1006,200.30094061719325
1007,200.30094019778682
1008,200.30093990394988
1009,200.3009406242505
1010,200.30093992208845
1011,200.30093973326487
1012,200.30094034408756
1013,200.30094089423815
1014,200.30093970691354
1015,200.3009397426404
1016,200.30093970336873
1017,200.30093970732372
1018,200.30093971442466
1019,200.30093970336873
1020,200.30093969802417
1021,200.3009405922189
1022,200.300940220489
1023,200.30094073762623
1024,200.30093970336873
1025,200.30093970336873
1026,200.30093970336873
1027,200.3009403982283
1028,200.30093971762616
1029,200.30093971379108
1030,200.30093970336873
1031,200.30093970336873
1032,200.3009397251787
1033,200.30093970336873
1034,200.30094062216682
1035,200.30093970207608
1036,200.30094044425286
1037,200.30094022838915
1038,200.30093970336873
1039,200.30094076320017
1040,200.3009407099953
1041,200.30093971152922
1042,200.3009396921334
1043,200.30093972707363
1044,200.3009397062325
1045,200.30093970336873
1046,200.30093970336873
1047,200.3009396863651
1048,200.30093969577945
1049,200.30093970517999
1050,200.30093970336873
1051,200.30093971239427
1052,200.30093970336873
1053,200.300939714427
1054,200.30094005653444
1055,200.30093972048542
1056,200.30093970336873
1057,200.30094042209862
1058,200.30093999508017
1059,200.30093970336873
1060,200.300939704006
1061,200.30094019111613
1062,200.30093970336873
1063,200.3009397109556
1064,200.30093971592618
1065,200.30093970420378
1066,200.30093970336873
1067,200.30093970336873
1068,200.30093970336873
1069,200.30094045455448
1070,200.30093972810084
1071,200.30093970336873
1072,200.30094034367502
1073,200.30093972018767
1074,200.30093970336873
1075,200.30093970336873
1076,200.30093970857902
1077,200.30094035841933
1078,200.30094078262624
1079,200.30093970410067
1080,200.30093970336873
1081,200.30093970973022
1082,200.30093970425597
1083,200.3009396978298
1084,200.30093970336873
1085,200.30093974341074
1086,200.30093971104273
1087,200.30094071115275
1088,200.3009396996688
1089,200.30094023283522
1090,200.3009397101375
1091,200.30093970336873
1092,200.30093970336873
1093,200.30093970336873
1094,200.30094070140356
1095,200.30094026296098
1096,200.30094013079918
1097,200.3009402215668
1098,200.30093970336873
1099,200.30093970603366
1100,200.30094032084477
1101,200.30093970336873
1102,200.30094037682085
1103,200.3009397001771
1104,200.30093971317615
1105,200.3009397276012
1106,200.30093970336873
1107,200.30093970948354
1108,200.30093971001952
1109,200.30093970822105
1110,200.30093970336873
1111,200.30093995502
1112,200.30094063297673
1113,200.30094050294926
1114,200.3009408411328
1115,200.30094042267265
1116,200.30093998962724
1117,200.30094019684282
1118,200.3009397059585
1119,200.30094014447664
1120,200.3009397053447
1121,200.30094029047518
1122,200.3009408562816
1123,200.30094051139426
1124,200.3009396764933
1125,200.30093973489053
1126,200.30093994417388
1127,200.30093999463975
1128,200.30094059407915
1129,200.30093992814153
1130,200.3009406370504
1131,200.3009398922644
1132,200.30094074655045
1133,200.30094067200068
1134,200.30094029463214
1135,200.300940621489
1136,200.3009407386389
1137,200.30094042712764
1138,200.300940674044
1139,200.30093971595912
1140,200.3009398254152
1141,200.30094021272168
1142,200.30094069096725
1143,200.30094056466353
1144,200.3009406024692
1145,200.3009409719736
1146,200.30094051074647
1147,200.30094090385361
1148,200.30093988729038
1149,200.30094011124865
1150,200.30094049404426
1151,200.3009406356277
1152,200.30094005528122
1153,200.30094078938146
1154,200.30094108923404
1155,200.30094082665232
1156,200.3009409893057
1157,200.30094060840403
1158,200.30094081445947
1159,200.3009402631469
1160,200.300940575074
1161,200.30094075021626
1162,200.30094037652012
1163,200.3009402729241
1164,200.30093970795946
1165,200.30094056855674
1166,200.30094042706483
1167,200.3009408554105
1168,200.3009405641157
1169,200.30093978084204
1170,200.3009397611639
1171,200.30094095102774
1172,200.3009402004877
1173,200.30093992868444
1174,200.300940740148
1175,200.30093998654206
1176,200.30093977492663
1177,200.30094078580728
1178,200.30094090566442
1179,200.30094049406063
1180,200.3009406990057
1181,200.30094061827725
1182,200.30094086490516
1183,200.30094099281052
1184,200.30093992992744
1185,200.3009408767374
1186,200.3009409321649
1187,200.3009403911129
1188,200.30094075495774
1189,200.30094056625333
1190,200.30094077050504
1191,200.3009408106144
1192,200.30094004347325
1193,200.30094066615936
1194,200.3009405588203
1195,200.3009408402028
1196,200.30093994822553
1197,200.30094074664808
1198,200.30094078193775
1199,200.30094075486795
1200,200.30094094110595
1201,200.30094097092513
1202,200.3009399398946
1203,200.3009406173078
1204,200.30094115416065
1205,200.30094050212676
1206,200.30094023010048
1207,200.3009409606821
1208,200.30094103518746
1209,200.30094077289456
1210,200.30094041617994
1211,200.30094113109564
1212,200.3009410400985
1213,200.30094086420974
1214,200.30094095153567
1215,200.3009408325889
1216,200.30094033095793
1217,200.30094067009915
1218,200.30094107992758
1219,200.300941043029
1220,200.3009406145921
1221,200.30094105819407
1222,200.30094099212562
1223,200.30094119187063
1224,200.30094135031524
1225,200.30094098497892
1226,200.30094132829504
1227,200.30094131317344
1228,200.3009413196385
1229,200.30094121081558
1230,200.30094127554216
1231,200.30094127110684
1232,200.30094135765356
1233,200.30094149347372
1234,200.30094107088453
1235,200.30094135192698
1236,200.3009413386594
1237,200.30094116075992
1238,200.30094132755247
1239,200.30094110178223
1240,200.30094120445128
1241,200.30094126136646
1242,200.3009411807448
1243,200.30094130222855
1244,200.30094132970237
1245,200.3009412281181
1246,200.30094102418053
1247,200.3009409460392
1248,200.3009413830402
1249,200.30094129750665
1250,200.30094128433458
1251,200.30094128302474
1252,200.30094143540154
1253,200.30094130826274
1254,200.30094124154468
1255,200.30094098692388
1256,200.30094143175643
1257,200.30094128823598
1258,200.3009404415818
1259,200.30094101591254
1260,200.30094113436087
1261,200.30094092195392
1262,200.30094120337353
1263,200.30094131738122
1264,200.30094118163004
1265,200.30094134719778
1266,200.30094130946011
1267,200.3009412475548
1268,200.30094132183984
1269,200.30094125977544
1270,200.3009407551644
1271,200.3009413525883
1272,200.30094125276517
1273,200.30094128644018
1274,200.30094137593227
1275,200.30094145748623
1276,200.3009412754231
1277,200.3009410657155
1278,200.30094137759306
1279,200.3009414132104
1280,200.30094150701026
1281,200.30094149974607
1282,200.30094144781916
1283,200.30094136929787
1284,200.30094151254295
1285,200.3009413752015
1286,200.30094137922399
1287,200.3009414027145
1288,200.30094131014283
1289,200.30094123837185
1290,200.30094130272826
1291,200.30094112031404
1292,200.30094115801515
1293,200.3009412076113
1294,200.30094138738494
1295,200.30094099758162
1296,200.30094106281044
1297,200.3009412203465
1298,200.3009412662675
1299,200.30094116843873
1300,200.30094117541873
1301,200.30094127866397
1302,200.30094123448143
1303,200.30094079166153
1304,200.30094119757624
1305,200.3009413343712
1306,200.3009412384612
1307,200.30094124521918
1308,200.3009412365482
1309,200.30094120913662
1310,200.30094127762408
1311,200.30094113271022
1312,200.30094143706273
1313,200.3009411991215
1314,200.30094128603807
1315,200.30094120973894
1316,200.30094127488377
1317,200.3009409452075
1318,200.3009412924492
1319,200.30094133879103
1320,200.3009413506934
1321,200.30094149689117
1322,200.30094151103592
1323,200.30094140291726
1324,200.3009413966932
1325,200.3009414006219
1326,200.300941498968
1327,200.30094137446648
1328,200.30094125820662
1329,200.30094136651724
1330,200.30094126668695
1331,200.30094135535833
1332,200.30094134414358
1333,200.30094139010615
1334,200.3009414739022
1335,200.30094128957703
1336,200.30094126716818
1337,200.3009412919375
1338,200.300941077194
1339,200.30094145301106
1340,200.30094136053373
1341,200.30094118172133
1342,200.30094095715123
1343,200.3009412600395
1344,200.3009412848637
1345,200.30094121468971
1346,200.30094127258545
1347,200.30094135909113
1348,200.30094111592274
1349,200.30094121686795
1350,200.30094113290951
1351,200.3009409418317
1352,200.30094133603623
1353,200.30094136133067
1354,200.30094133583617
1355,200.30094136253385
1356,200.30094112351603
1357,200.30094094480384
1358,200.3009412726248
1359,200.30094123220232
1360,200.30094139197644
1361,200.3009413950931
1362,200.30094121003725
1363,200.300941255677
1364,200.30094136144717
1365,200.30094117250678
1366,200.3009413069565
1367,200.30094126618062
1368,200.3009407148265
1369,200.30094065104078
1370,200.30094100838437
1371,200.30094090415855
1372,200.30094099212744
1373,200.3009408182232
1374,200.30094090159508
1375,200.30094081518044
1376,200.30094103199212
1377,200.30094106199047
1378,200.30094094788927
1379,200.3009407793229
1380,200.30094109073156
1381,200.30094090754162
1382,200.30094110353014
1383,200.30094065817124
1384,200.30094119474973
1385,200.30094110021193
1386,200.30094113991194
1387,200.3009409099609
1388,200.30094098511074
1389,200.30094110525863
1390,200.30094065280753
1391,200.3009409302618
1392,200.30094105657216
1393,200.30094114812204
1394,200.30094096686085
1395,200.30094102425963
1396,200.30094064696587
1397,200.30094111875073
1398,200.30094102256052
1399,200.30094104646977
1400,200.30094135631148
1401,200.30094161865446
1402,200.30094105926045
1403,200.30094147808285
1404,200.3009415931346
1405,200.30094135350595
1406,200.30094142504157
1407,200.3009414334003
1408,200.3009415161284
1409,200.30094135263082
1410,200.3009413624805
1411,200.30094144676704
1412,200.30094134515053
1413,200.30094149607322
1414,200.30094139330623
1415,200.30094136864284
1416,200.30094134724465
1417,200.30094160601973
1418,200.30094153053452
1419,200.30094131901444
1420,200.3009414208695
1421,200.30094145970565
1422,200.30094137238467
1423,200.30094162073118
1424,200.3009415789119
1425,200.3009416673625
1426,200.30094131790298
1427,200.30094133427522
1428,200.30094150500483
1429,200.30094127673354
1430,200.30094153807693
1431,200.30094139674546
1432,200.3009413001039
1433,200.30094166141714
1434,200.300941408651
1435,200.30094148912312
1436,200.30094137687507
1437,200.30094145816665
1438,200.30094137303757
1439,200.30094138565286
1440,200.30094153433467
1441,200.30094141093497
1442,200.30094146594112
1443,200.3009413601065
1444,200.30094144490383
1445,200.3009413968342
1446,200.30094134435853
1447,200.30094152901856
1448,200.30094127753028
1449,200.30094123263535
1450,200.30094117302053
1451,200.3009411357579
1452,200.3009414562909
1453,200.30094129263645
1454,200.30094143549786
1455,200.30094147450532
1456,200.30094133475313
1457,200.30094137622297
1458,200.3009409555774
1459,200.3009413712515
1460,200.30094140656297
1461,200.30094144628168
1462,200.30094143114454
1463,200.3009414033317
1464,200.3009411950072
1465,200.3009411548601
1466,200.30094140246894
1467,200.3009411226504
1468,200.30094140731208
1469,200.30094126522192
1470,200.3009412928964
1471,200.30094116770462
1472,200.3009413532313
1473,200.3009412974419
1474,200.30094110699326
1475,200.30094116540303
1476,200.30094127663244
1477,200.30094148827567
1478,200.30094125362055
1479,200.30094127024162
1480,200.30094112759875
1481,200.30094123674328
1482,200.3009410891597
1483,200.30094140693723
1484,200.30094112343244
1485,200.3009413017066
1486,200.3009412570779
1487,200.3009410690203
1488,200.30094129434892
1489,200.30094122542693
1490,200.30094107797657
1491,200.30094123896893
1492,200.30094123219192
1493,200.3009412256512
1494,200.30094119329237
1495,200.30094118031616
1496,200.30094124510458
1497,200.30094126604757
1498,200.30094136610427
1499,200.30094135020073
1500,200.30094133888628
1501,200.30094132453627
1502,200.3009413118946
1503,200.30094128449645
1504,200.30094138808698
1505,200.30094133291848
1506,200.30094134795235
1507,200.30094128056075
1508,200.3009413570074
1509,200.30094139158177
1510,200.30094106298247
1511,200.3009412906131
1512,200.30094126700837
1513,200.30094117114533
1514,200.30094132944305
1515,200.3009412763882
1516,200.30094117707654
1517,200.3009412516771
1518,200.3009412662899
1519,200.30094146416076
1520,200.30094118849203
1521,200.30094132341065
1522,200.3009410514867
1523,200.30094095882788
1524,200.30094129304632
1525,200.30094123905215
1526,200.30094135469017
1527,200.3009411913986
1528,200.30094114564844
1529,200.30094103974045
1530,200.30094074249095
1531,200.30094102369335
1532,200.30094117683421
1533,200.3009411471403
1534,200.3009410811227
1535,200.30094016490952
1536,200.30094110653306
1537,200.3009409896675
1538,200.3009399367735
1539,200.3009408706232
1540,200.3009409595679
1541,200.3009410137008
1542,200.30094092490364
1543,200.30094094165995
1544,200.30094114127385
1545,200.30094103743664
1546,200.30094100119874
1547,200.30094096309418
1548,200.30094108022274
1549,200.3009407652044
1550,200.3009412263653
1551,200.30094082637942
1552,200.3009412960088
1553,200.30094106779435
1554,200.30094076783973
1555,200.30094110022708
1556,200.30094105210492
1557,200.3009410006026
1558,200.30094093119905
1559,200.30094103903156
1560,200.30094130515656
1561,200.30094133455825
1562,200.30094127571823
