Episode,Score
1,932.4659261743747
2,920.313756157307
3,933.3098235316104
4,932.2296311123421
5,896.4402666519173
6,946.1858786871827
7,883.353886520433
8,908.7064362850207
9,913.661858824948
10,961.1623472137462
11,915.5737935994467
12,929.2412371810094
13,928.401596111938
14,937.1825968258333
15,895.7270086602509
16,925.4364449830789
17,931.4641946632418
18,946.3257181676972
19,926.3770915346546
20,937.3202484142973
21,934.5137583904082
22,960.2076224242417
23,935.2442753925302
24,956.139471247995
25,950.2433833795005
26,940.4527861411019
27,941.3118087387217
28,943.3130057331005
29,885.1722566486764
30,945.2331958332713
31,950.2017568789291
32,951.2960764977919
33,931.3671975476223
34,941.4447036124561
35,963.0644427353205
36,937.1813800516986
37,935.4750681279268
38,939.2042919463443
39,937.2891126858437
40,950.2880747066156
41,940.2946388929894
42,930.2195220865823
43,939.2540360923715
44,944.2326040887758
45,923.2222389516903
46,806.0034202053251
47,952.2571035184299
48,942.2126416891459
49,943.1800932842383
50,929.6934718075653
51,944.3173875749421
52,935.2701403178384
53,928.5387697164801
54,937.3902683740716
55,976.1816141355156
56,946.2278905008654
57,945.3349368394353
58,943.2669500412208
59,921.4644847555815
60,909.5602901340501
61,938.4910363537317
62,935.3280668471346
63,961.1087935441955
64,931.2141620850698
65,945.2782675544433
66,953.1687554785227
67,947.2412670101273
68,957.1317020373806
69,939.2093009521955
70,965.0820584390906
71,941.2187445609786
72,949.2008951903737
73,937.2997191242174
74,913.4665354323683
75,954.3201028647251
76,948.3898749997575
77,952.1652229548024
78,956.2356849814255
79,951.2093596519853
80,917.5829442552073
81,940.2115374099405
82,940.2948312513454
83,950.1584254209927
84,915.6277252912653
85,944.2756403831814
86,940.2138809586056
87,939.3455555649372
88,964.2102215801162
89,940.3954992255115
90,929.360688025479
91,939.4339235168582
92,929.5442287292842
93,943.2123421000135
94,937.2421042399228
95,956.2712342376647
96,902.5648148560153
97,945.127233532298
98,937.3283282606943
99,956.129564433844
100,943.1717016537555
101,948.2934672695619
102,941.3072129814427
103,932.3263048882063
104,950.154938589344
105,949.1504514941764
106,940.317210978932
107,969.046157587152
108,936.2244711356769
109,934.2292995643103
110,945.4268158445
111,949.2433588025494
112,942.226580936092
113,939.3040227190672
114,933.4636929325534
115,937.3863996039095
116,956.1444335714398
117,956.3742573760189
118,958.1474689675513
119,948.3415102007968
120,943.2870820515151
121,936.2343843113782
122,959.0976060918856
123,944.4150783107096
124,934.2188051733244
125,964.1215479416164
126,941.2112495240508
127,933.3143051057582
128,948.3414779795692
129,912.4270697519183
130,933.2129399277692
131,950.2091207479491
132,941.2514159654613
133,921.7539124460474
134,941.2166494165641
135,948.2393157633798
136,937.1831232189045
137,952.245375104635
138,939.2431485018576
139,953.2231969036203
140,955.2168080003014
141,952.2498987382437
142,947.2481749415804
143,941.1532251717966
144,936.4278027154392
145,931.2074154935538
146,927.3795619063475
147,948.2980876223836
148,944.1774198249454
149,921.2058610869366
150,949.2011521546406
151,946.288584768905
152,946.4734134781438
153,910.7028352723744
154,947.1440060767554
155,944.322890830191
156,947.284121289375
157,931.4449670783329
158,949.2545092908495
159,923.6004403549791
160,949.1946472822304
161,948.2049274834897
162,933.2579576814728
163,956.1323180348811
164,944.282122893034
165,931.4556502383842
166,946.2482798966311
167,948.3290235909691
168,942.3765236657837
169,954.2234263896144
170,936.3473319916254
171,947.1435649021557
172,947.2769238455098
173,957.3190907277726
174,939.2998229768623
175,938.5377832002973
176,925.2884529732779
177,948.306650316154
178,944.2343442279866
179,948.3437015060664
180,956.1871583819348
181,950.1204173555409
182,952.3195771439116
183,932.354430974086
184,930.46515893581
185,892.7156931090276
186,951.2576923925205
187,945.2292105393859
188,950.114223369341
189,946.2326490148947
190,954.2327314465443
191,931.4614107027173
192,942.3568876405348
193,964.0756278339973
194,940.2045194289799
195,949.2923788068516
196,949.1488200932106
197,926.3514116738177
198,939.2092680934636
199,957.1455906491041
200,933.2763905424109
201,911.5016503609068
202,949.197827302746
203,899.0837037742568
204,944.2266543052277
205,941.2934006903517
206,942.2615721212571
207,922.5419354210259
208,944.1637269367473
209,953.2107311522561
210,938.4438992844757
211,949.2088625058243
212,926.4287488167788
213,944.1750669608367
214,946.2332150044217
215,932.605602267729
216,949.299234112473
217,952.1642924154485
218,932.4476580807694
219,938.2538629656872
220,939.2086396240653
221,945.3309224937444
222,930.4092266280272
223,955.1414887129936
224,856.6030307983166
225,931.1744196056318
226,957.1815077739722
227,939.3028141411122
228,922.652797657513
229,946.3131259482358
230,933.3770099299569
231,957.1370504335546
232,958.1843937614628
233,939.3900197263328
234,955.4140790255094
235,945.1690072890048
236,949.204377451053
237,945.3237423620186
238,936.5383887535808
239,954.1595071875481
240,948.2316319563707
241,948.1963320216214
242,941.3630779472821
243,946.1859957682675
244,953.2171827081727
245,936.5455769859652
246,948.1440200205528
247,946.1840795423936
248,944.5100007003194
249,953.1621097979174
250,958.1362714078061
251,950.1977691616676
252,960.0995685777443
253,940.3478076045756
254,925.3908837943321
255,948.1435856990696
256,949.1894558813317
257,951.2021541574368
258,937.4809166635927
259,948.1546324088165
260,955.1810488476181
261,960.1509235735141
262,957.2224526168523
263,942.3661546575543
264,921.313164833661
265,940.1496513770069
266,959.1405049765593
267,947.2284202878825
268,965.0739228705589
269,955.2631283250037
270,956.1444608507657
271,968.0875604365505
272,956.2331668413112
273,959.2016469882199
274,954.1667172515993
275,931.7951365040406
276,927.5266844109035
277,945.330377623288
278,946.2936496120691
279,941.1761683579958
280,961.1107361705609
281,942.1663156815209
282,967.1294042290069
283,950.2480036904506
284,950.1592853261573
285,957.1886299224826
286,944.1701019561285
287,936.2305521177198
288,933.5294130732894
289,952.2148139814518
290,947.1421660251448
291,948.0898589156214
292,947.1674686195388
293,954.1671904761652
294,960.1070326663064
295,951.257109773289
296,941.2963072828727
297,959.2391928913302
298,941.3140869423472
299,940.2453973542306
300,942.501604093675
301,933.4630680998654
302,949.3627510104898
303,948.1961489440253
304,959.1468845673666
305,958.1784097632031
306,942.2739296154042
307,945.2857123255609
308,948.1948080584704
309,950.213822183482
310,952.1686128330923
311,946.2371927984118
312,939.2352909960906
313,945.1821939584543
314,937.4793778813003
315,941.2054983577748
316,948.1972585659557
317,936.1955136558244
318,953.1672552012449
319,982.1060264191525
320,953.1729021504107
321,919.599431591507
322,942.4638995823873
323,932.5187092600917
324,945.2836807955363
325,934.5214770013557
326,948.186831883487
327,945.2306290906969
328,938.3968968331285
329,953.1612054453467
330,940.4432495550814
331,946.197217633497
332,946.1939105446636
333,957.1460402179803
334,945.2316906882727
335,937.1936014806099
336,958.1525620672205
337,957.2331303479814
338,948.1877973534449
339,942.164836075176
340,943.2317279881534
341,951.2925597703572
342,700.5972796065851
343,946.1346332106639
344,949.2446739632904
345,954.2159830692583
346,957.1928637280379
347,947.1906116834039
348,948.1992726818147
349,912.8983237928529
350,918.1970363764649
351,958.178453882837
352,937.1852757594594
353,942.1150700832175
354,947.1739202285113
355,947.2001540485537
356,948.1482114782866
357,945.5259613021284
358,949.1948407221496
359,950.1989416805075
360,948.2055368814292
361,961.1065951956587
362,940.2133932470912
363,945.1356408481608
364,931.5566812875945
365,938.4963765286792
366,959.2331391698403
367,950.3059436004282
368,943.1793161467532
369,955.1844739830118
370,945.3249738502403
371,949.2588069668867
372,955.170523587032
373,958.2769997953275
374,958.183096381331
375,948.1877146631931
376,954.1347911486047
377,950.2138794043774
378,933.4606290252244
379,935.3720192411391
380,949.2542626939114
381,941.2042872030968
382,941.2588885686159
383,958.138673598834
384,941.206137040413
385,930.3129022236817
386,978.0499028057626
387,934.2106709713609
388,957.187163804616
389,944.2634822676159
390,938.2425999390402
391,939.3835641415494
392,911.5007906579717
393,933.2259906739723
394,941.2972784691585
395,958.1355199462047
396,945.2750452200233
397,936.3851539858357
398,929.1959560710092
399,943.2099744720049
400,938.244915203842
401,947.2439647988988
402,946.1839046556926
403,931.6173233125235
404,938.4276520254928
405,979.1404565431261
406,957.1434825019014
407,928.2048588311987
408,945.2290622904161
409,947.4850598393772
410,948.290821377485
411,949.3423224361948
412,936.3867164750782
413,943.2160003762849
414,933.3280917771117
415,938.2480312370988
416,946.2211486950107
417,942.3184551897066
418,943.2762675405054
419,938.3871899903218
420,945.2688001967199
421,958.1924071867994
422,937.3924872318394
423,926.668114048007
424,949.1485564942502
425,951.2062884796916
426,935.477462443099
427,945.2761142905272
428,944.2727963303323
429,964.0748276422648
430,928.2639945212305
431,979.1490764396125
432,953.2211542671741
433,941.351808412354
434,954.2663896272359
435,921.6448584211569
436,941.2624773878645
437,958.1891575279607
438,934.2239347801831
439,963.115166573714
440,949.1537957547554
441,943.2637007061135
442,948.2345492751965
443,951.1573612384943
444,947.240574769666
445,948.1010283633017
446,938.2386940213378
447,947.323722224084
448,946.1929012744278
449,949.1963962139507
450,933.4128431589065
451,947.2874494327696
452,941.4722819024522
453,942.4471944103075
454,928.6000191058314
455,950.0957611397156
456,953.1757556146739
457,922.5210137135059
458,951.2089700176429
459,950.250026503678
460,949.1463524855037
461,937.474140342375
462,955.3085864441844
463,938.4447206717507
464,930.3595425683263
465,944.1798648255073
466,911.7983263214642
467,910.360260938096
468,923.2734880326315
469,893.4940374800102
470,888.846401791982
471,943.3174559511027
472,954.1771025010512
473,957.1416418026159
474,897.5842961145515
475,947.277056398885
476,956.1729396883775
477,934.2696267425536
478,953.1727802931009
479,911.7553186343819
480,958.1355367244287
481,933.2055530259374
482,941.2553569404079
483,909.4517908989212
484,951.3026889529148
485,926.3321512159698
486,940.3504639291075
487,929.2938801200489
488,855.8229522548344
489,943.2695231520979
490,937.2438403030975
491,941.4569256710738
492,937.2849110580028
493,948.2886209360505
494,927.3839090219165
495,946.2925239370671
496,928.6744429120487
497,938.373744746098
498,950.2108435919952
499,953.2110937927284
500,939.2464609997137
501,945.2318797071067
502,931.3690058261171
503,925.6651417524777
504,938.3294820677784
505,945.3157357256094
506,950.2095506659816
507,939.2045163776086
508,931.3257576978413
509,948.2369630200786
510,941.2660689096292
511,923.1673090544884
512,946.3306148600631
513,943.4117691063481
514,943.3040130111078
515,936.2438802727218
516,957.1856740896694
517,955.1864490024975
518,922.3583042979149
519,945.2780983521964
520,949.4940969417169
521,953.1729529088689
522,920.3620353746926
523,944.2714625395778
524,946.1827896478059
525,940.4544449651302
526,943.2193382797567
527,931.3135305404539
528,940.3057377790444
529,961.1122378502039
530,944.3155628256429
531,933.2237265072208
532,958.2766254230345
533,975.1138176416589
534,955.0734672734475
535,950.2649691531612
536,952.2149528961697
537,953.266452887321
538,946.2341224017736
539,954.2175273813727
540,941.2114407848136
541,936.3358292629373
542,942.2169688468491
543,937.1892363777145
544,939.4994715047194
545,941.2113318309782
546,944.3626533158475
547,932.4143062607246
548,913.8526508489967
549,950.3986327727705
550,933.3782486282779
551,947.2429023343377
552,950.2921821480082
553,940.4299681770209
554,945.224211221011
555,949.2001295806165
556,955.1607204634447
557,936.3856952601334
558,940.2480155988669
559,945.1942463907471
560,943.2301298792175
561,950.1971870699665
562,955.227340992519
563,941.3077349841312
564,932.4738315463567
565,960.187443462917
566,952.1212708417052
567,949.1535322407743
568,955.2746948313131
569,953.1625809245136
570,947.1845831607202
571,942.3149447306566
572,928.3366967637797
573,945.274847415525
574,957.1420713284838
575,955.1290766580013
576,943.3230303929734
577,935.4276839707786
578,948.390872070246
579,946.288328652314
580,960.1910213271024
581,942.457706983673
582,947.2702982212268
583,946.2783737293219
584,946.2870020276648
585,951.2000261334249
586,945.2340476678078
587,938.4392198278118
588,943.2139810200381
589,939.198652302847
590,949.3532124439898
591,955.2764736178809
592,932.4164797707724
593,946.1891755626989
594,945.3296721112558
595,946.2880839044585
596,947.189737869603
597,957.0829499722595
598,887.7357902283528
599,948.1958129155277
600,951.2044085453156
601,958.3475002427579
602,946.1762147372042
603,934.2423919242385
604,944.3689136780729
605,945.3296721112558
606,948.1917118177737
607,959.191369416819
608,945.2404728209121
609,954.3622987231528
610,962.2045975942134
611,949.2933277746786
612,949.1575087494598
613,943.1792644954469
614,954.1642751575312
615,956.3193775967733
616,950.2063511458007
617,943.2248642555371
618,954.213519180369
619,963.2481672218378
620,947.3288181882633
621,946.4686136109472
622,951.2067756484282
623,968.0861176301596
624,945.3296721112558
625,960.1974922028064
626,949.1960427369168
627,946.2809917252398
628,958.1976102711261
629,948.1916522726058
630,963.1581180037034
631,948.1937238247888
632,955.1850727460362
633,954.1657452096508
634,947.2927674079007
635,950.2047095757054
636,949.1482268844695
637,949.3520271772304
638,952.4518212331068
639,943.4084322984933
640,942.4519285663954
641,940.3021020558376
642,951.1686904605572
643,950.2047095757054
644,949.2017159747396
645,947.2436245338573
646,950.2050116923292
647,949.3039199503789
648,952.2619166346507
649,977.1367769593677
650,951.3453784351979
651,958.285981670397
652,921.3074451834832
653,947.1966843880006
654,953.1694238913851
655,958.2350101150588
656,948.2528968842907
657,934.4123707652606
658,955.1813569559397
659,960.1968746271166
660,946.1817368448711
661,945.3264260437693
662,950.20143346545
663,935.3356137665565
664,956.5581917052139
665,961.0672464662109
666,956.4574514315982
667,936.3827272265373
668,944.2180061359421
669,963.2583781853969
670,948.1938559441312
671,944.474667698636
672,945.1752851416381
673,918.6382633812539
674,940.1684895600223
675,947.276895001814
676,941.2141642516352
677,960.2001868429234
678,952.1190667010648
679,951.5945663357876
680,952.1598659759343
681,953.1265400172967
682,926.584202505972
683,947.1924667197882
684,951.2559318745327
685,946.2299475981785
686,943.2784064880507
687,944.4257433701052
688,942.4674782069214
689,953.3048619133622
690,959.1082327675213
691,947.1512832857493
692,944.2277241379002
693,947.1884331626999
694,979.1516454227134
695,947.2441659415053
696,950.1577494023825
697,946.6287567864697
698,942.2084232085397
699,963.1577393303817
700,940.4506724014209
701,954.1269403029432
702,911.6494065208683
703,894.2538861639565
704,946.1831334527576
705,937.3445685770602
706,954.2695234984594
707,933.414873357163
708,953.1691062170247
709,948.3922591721316
710,927.5835472282596
711,939.2612414372427
712,970.1507843630042
713,948.3337965128081
714,963.2574819075928
715,922.470250821983
716,930.2096067654327
717,952.2225115420398
718,937.24632454387
719,951.157701103241
720,944.3732609681645
721,942.3016586380807
722,941.2037256718581
723,925.529704364841
724,945.3220590201709
725,955.2283396300126
726,959.2439445475534
727,947.2263202170176
728,947.2488695313091
729,944.2190630729647
730,947.370721085485
731,943.2590956886922
732,953.2230115506173
733,937.183082111151
734,948.236158458512
735,953.2743302807188
736,951.3064827641139
737,943.2145814610535
738,928.4463012916742
739,957.0883261406798
740,951.2109354034144
741,949.1970203890658
742,947.1903670940974
743,956.2723709973508
744,942.1646012090794
745,949.2591501622005
746,962.0980634099499
747,941.4066831486786
748,961.3598820116956
749,945.2269675536238
750,949.147520134977
751,934.427140321445
752,933.2281633938069
753,973.203699575217
754,948.1998473756464
755,951.2040283900143
756,944.3645804599013
757,941.2662493952676
758,917.4438670899689
759,950.1990672199347
760,945.2378551599218
761,950.0573785342702
762,951.3109902888316
763,940.2041273915415
764,944.16156564842
765,938.1441636310801
766,949.2449202653588
767,939.4961885811687
768,954.3610762646553
769,941.214537219091
770,939.4403025303511
771,951.3558912038663
772,946.185413787046
773,937.4873742594793
774,948.1980991892585
775,948.6261495875464
776,942.2252269596909
777,948.2914450135954
778,953.1711711564791
779,948.1946519898768
780,941.2620144595087
781,944.3716523567623
782,956.1935557806671
783,942.4569800618655
784,939.3489192138891
785,946.4673092631006
786,945.3281477892965
787,940.2977414194943
788,949.2467932536406
789,955.174051407477
790,950.3405815881932
791,951.1650112017288
792,426.7532228988807
793,955.2249316140167
794,945.2317651350545
795,950.2490632171578
796,941.4022582692169
797,962.1148872652042
798,960.2010470848975
799,944.2185240233206
800,961.1380204274033
801,944.3776132772971
802,954.1258744749431
803,952.2108976778413
804,946.3328804900214
805,951.256499407312
806,955.3221935382533
807,947.3850392384593
808,936.5401692673975
809,956.180586449563
810,959.1122750957472
811,946.1911592852276
812,935.3954490673607
813,947.3415230338919
814,945.2271552588045
815,941.4155474116305
816,950.1551706152737
817,946.3619212116
818,958.1794927920549
819,926.6546660959298
820,955.1775418418697
821,935.1909901036449
822,940.4557485746835
823,963.165668295033
824,938.2412238657712
825,945.3405223805764
826,950.2517224242389
827,951.1581132702191
828,944.1357660673282
829,949.1496368916602
830,950.1896646216571
831,971.1051141404921
832,944.2744315504207
833,942.2195582028377
834,954.1187926978554
835,947.2466116278401
836,949.2034379532049
837,955.1827185987613
838,944.2726347772181
839,936.4879992633826
840,922.568907644571
841,939.1956021532706
842,947.2369379123553
843,948.1925986295366
844,930.4058857643729
845,920.5353746404141
846,933.1784198234318
847,940.202837714924
848,957.2226512169325
849,948.2522744661399
850,948.3899512050684
851,948.480143812584
852,945.4775105754333
853,935.4911055311597
854,954.2266306707738
855,947.3242399966051
856,939.2504833493718
857,944.2733256875347
858,947.2342851563167
859,942.259702299018
860,946.197980450898
861,945.2305090880232
862,943.2285006738467
863,939.2021441073639
864,946.2854766459589
865,928.4994432135032
866,948.2006220761941
867,931.5914817239274
868,958.1499405466834
869,937.4786509472569
870,953.259497897491
871,943.2062212596227
872,946.2765847008648
873,947.1954445251097
874,932.8135511540335
875,943.2774878883249
876,948.392148804612
877,963.1166924534263
878,952.2113980574494
879,930.420918161969
880,946.3780247329626
881,953.2642011367961
882,949.2489239331464
883,950.3054755374476
884,956.1290219412037
885,930.3024101260214
886,944.2174059926153
887,954.1737933483263
888,944.3220896885603
889,950.2024543366751
890,945.1382084203278
891,942.5611540202369
892,945.1822853606836
