Episode,Score
1,544.4964072337242
2,822.7828037207171
3,584.5406778103339
4,760.6952428041841
5,1032.4024878722464
6,180.63604788037398
7,181.3810643570626
8,302.1699186246022
9,682.0579511785497
10,403.5576018977896
11,330.58535820369235
12,-119.80465384971777
13,-126.43414933257323
14,142.63763602438667
15,161.1504811641236
16,-126.39308398660472
17,165.02361105555468
18,150.46508254735977
19,179.83613413434352
20,167.5925176507466
21,-121.14614232707055
22,179.8701676607127
23,179.21106770472815
24,256.96121660907727
25,177.97697501220748
26,175.97612444662585
27,177.08156060768195
28,178.01817463692805
29,178.0222811254013
30,179.18733204303032
31,226.30285707619174
32,542.9178343193181
33,168.81361561366586
34,169.19941697678095
35,179.7322088843159
36,175.74513742577508
37,178.07825637330126
38,297.59270934186526
39,393.3440590654746
40,173.4041882599487
41,424.01552950753637
42,359.59679692023775
43,299.23216341673844
44,378.99916890442364
45,389.66051161821275
46,388.3722659861838
47,388.82342713999446
48,377.682805170406
49,178.85940654832427
50,379.87962709050095
51,180.16412253799646
52,177.0886104000319
53,174.50342358801788
54,638.5585923064069
55,168.8640444300218
56,177.72399593413058
57,177.98957596884105
58,179.03784654908986
59,176.67878747000566
60,355.2115148730001
61,159.6644113729395
62,200.33324968938064
63,179.08560011246095
64,307.28025544307246
65,-127.84292448369477
66,168.73121223972842
67,155.10641764601473
68,-125.92084642518839
69,-126.30006027263754
70,175.67836548935216
71,176.8621535163284
72,466.37512554928134
73,172.31720239013822
74,172.6762487650496
75,911.8197651004407
76,180.86278309679585
77,181.3795974319884
78,179.2848140236599
79,180.32766066933564
80,180.25917897131467
81,602.9099724274017
82,419.18660105685325
83,398.0806071145997
84,171.66274322935755
85,396.8362788543539
86,337.81245897996
87,174.87016252598787
88,179.4366093674989
89,432.824251514674
90,182.47894480148165
91,993.585215674045
92,639.9816019246265
93,655.9892696826969
94,181.4030170315132
95,182.4669030063309
96,676.5454242887538
97,780.296844066796
98,1039.627376623192
99,1022.517791480563
100,951.218165283883
101,180.49216998615586
102,422.09202746426683
103,525.8707039879038
104,511.46936429027903
105,447.843400670013
106,527.9191148907913
107,732.8778707706861
108,940.6219190641445
109,961.2935064416087
110,900.1568759939488
111,179.35368547330722
112,178.1997352697582
113,947.7616806153934
114,967.6397873248773
115,885.184604735943
116,1271.7141891838933
117,635.6901937810209
118,1160.8429021956626
119,1275.4507522534875
120,1352.281463852098
121,776.3631750755192
122,1105.0062486670681
123,1026.1421183144303
124,1119.5901485166896
125,1206.4257270150931
126,1141.6382602161884
127,1239.7466158465222
128,1230.2168937006595
129,1047.4729483097808
130,1031.5040238467611
131,934.261770278428
132,1382.1393388170409
133,1321.8964470471456
134,919.9170430541033
135,1014.4826813148978
136,1080.2069390168213
137,1064.5662233601142
138,954.111740436874
139,816.5173837102207
140,700.0506936022792
141,496.93559142400994
142,787.2501580962216
143,638.6638932508598
144,752.4420785953935
145,181.98250980434722
146,182.44516316994566
147,808.7572247264192
148,181.52270771573478
149,182.4835066541203
150,182.5468797847298
151,180.35678982508003
152,181.43293983019763
153,182.68358703434615
154,181.40658498162531
155,181.38342017875738
156,179.10767716202494
157,549.2337912253876
158,180.76668603887305
159,181.3348587722416
160,178.72179721886488
161,485.873590031401
162,799.7540196266897
163,180.54344814707335
164,180.81515326457614
165,617.9408527825224
166,893.4105886443772
167,183.0993317608527
168,428.98921513028296
169,182.20658619087928
170,179.8404465058481
171,182.54486545986265
172,183.757125325822
173,184.6847506001585
174,177.74426132075405
175,185.38624790284356
176,208.19132377330834
177,182.38796770100103
178,182.5089562119982
179,182.59524597676582
180,181.6540739980481
181,183.47127132008015
182,182.96646751100437
183,183.87905420736277
184,181.49644890136486
185,181.49612623468093
186,182.6644220190314
187,182.82898397659284
188,182.40188025286298
189,178.9489604868047
190,181.61112439361298
191,797.2528870670212
192,647.1621985919907
193,769.5223973542243
194,1161.5962255481672
195,182.93895327422288
196,183.7931318500491
197,182.7742444411291
198,180.5916960792403
199,1221.6613242313003
200,1451.7382168840104
201,987.9525476910991
202,1232.4535669656682
203,1238.8391061077282
204,986.6553563088065
205,996.1955135581923
206,1240.448580697609
207,909.7639570890327
208,943.1222295082839
209,732.3850796560191
210,761.315422128068
211,486.4100569557254
212,623.327034208854
213,440.39730891389456
214,383.6441981294014
215,301.2688727991463
216,226.07608465801968
217,138.7047879398016
218,134.0346315173735
219,181.47820158470532
220,18.821999646151237
221,87.06201856744632
222,54.213764827516606
223,5.176304887407807
224,32.061307313589126
225,61.58827934482163
226,92.21139690411881
227,187.28695371543765
228,12.03334145025633
229,29.924504270870116
230,985.3641668699017
231,125.36618165929882
232,811.6959189468963
233,819.2654040756686
234,623.8265788182609
235,84.13363950924169
236,821.8312730233204
237,185.69893332876046
238,849.5660238104939
239,109.24450848448174
240,651.241078165118
241,392.92486549415514
242,381.01061827598676
243,391.0883311683021
244,677.2594212676823
245,703.7262200492232
246,529.6267029642253
247,366.79173524441023
248,487.65879618813665
249,432.33662377135636
250,179.21881938237735
251,525.2403429903601
252,-125.59628488813445
253,-103.48890586016469
254,182.86672417014165
255,-123.87846895051948
256,173.055268756508
257,180.01989799024332
258,179.82014285616714
259,178.4319191109367
260,177.3065399484949
261,177.8765653609221
262,179.59705501135113
263,-125.26981487691148
264,177.2530377725649
265,-124.70778961179786
266,179.74837978574126
267,-122.11002489221929
268,-125.88401953011872
269,115.86410473655944
270,172.52465152469293
271,-124.5161351612657
272,170.7484933930199
273,177.66117279429213
274,-125.09649981481832
275,-124.82214134684443
276,168.31468018755874
277,141.39853347100194
278,175.98510581617938
279,169.62762009677667
280,202.4187458212454
281,176.85566478761234
282,176.56437081444554
283,206.10242466011584
284,-92.06126432338067
285,169.31693714689663
286,176.5674086232756
287,176.1913067649045
288,37.888873687516394
289,178.92517591539115
290,384.00254206912336
291,316.68363347834514
292,178.9391451183468
293,179.01542963240635
294,174.26687684753867
295,178.46667896019792
296,-127.87768500003628
297,-127.20270584400228
298,177.52873408877653
299,178.64041533894166
300,-125.48247512516281
301,-129.28935970184517
302,-127.12914453448816
303,171.20458149888734
304,-129.05645682217587
305,-124.6725739201065
306,-123.49746737914874
307,-104.38123073289144
308,34.66572190971989
309,-124.60811430300836
310,-126.27123894671031
311,-125.0704800081099
312,-126.1333147142207
313,-126.66274960323517
314,-129.01753038449365
315,-126.38742595752629
316,-125.46591664624232
317,-125.40956330035824
318,-108.18641996830426
319,176.62456562660287
320,-123.81023316779932
321,-123.73677990062845
322,-125.08949188526988
323,-124.96189710146786
324,-126.87572725953547
325,-126.65075501283621
326,-129.17751907983873
327,-129.0853130535847
328,179.47832736579494
329,-129.25342946240966
330,-128.02272507934902
331,-128.7280554436009
332,-125.67251246486032
333,-125.48396270368873
334,-129.42281201202368
335,-127.33613213749398
336,-126.12601655642548
337,-129.3609434698867
338,-129.23092804642425
339,-126.741013314176
340,-128.40768145522847
341,-127.61615261789912
342,-129.4880922529678
343,-128.9459882586803
344,-128.54105376253642
345,-129.920513600652
346,-128.59797645798494
347,-127.59041359020969
348,-127.94334690023243
349,-128.99188487096816
350,-128.93386226674644
351,-127.92794865248636
352,-128.45726372615957
353,-127.72337619025356
354,-127.51572300351494
355,-128.63419540824637
356,-129.16553920636886
357,-126.9396901451721
358,-127.70329293283596
359,-128.89341035503173
360,-128.56719508291363
361,-128.98146305942154
362,-128.13418740205486
363,-127.03159582263578
364,-126.10935642665018
365,-127.81538787845352
366,-125.51245361510762
367,-125.97878628024179
368,-125.36692360269093
369,-125.53415884101905
370,-88.85476461033342
371,-98.47008891034058
372,-51.73468813696516
373,-97.55319264242534
374,-95.49935726800204
375,-79.60496976196022
376,-53.91469260505331
377,182.5438773335967
378,-125.26111652313682
379,-123.9500404031111
380,-124.63375980879728
381,-125.06282103255583
382,-123.56599388471707
383,-76.49578342790826
384,-125.38587962979464
385,184.7018028493301
386,183.66409284264756
387,182.82969930515375
388,182.82050278679856
389,182.894526992917
390,187.39183391695127
391,182.53909071116573
392,179.26390603372718
393,-116.52776730968925
394,183.30410361242636
395,182.41982861702888
396,311.07106238258416
397,182.93016872026143
398,-119.03601768897217
399,182.29613248295226
400,-71.89185132867213
401,177.66947635182214
402,182.1697604908914
403,183.8201093775661
404,194.33439453049127
405,181.49244672270532
406,181.88784739950685
407,181.1320331280181
408,-104.3530558282853
409,181.9293619776318
410,179.1443831239716
411,183.22925020874047
412,182.91535602646755
413,-124.2501643287439
414,181.6961657395654
415,182.8136115695815
416,182.07060881887165
417,181.04205556781278
418,182.2907987830722
419,182.19782343655126
420,177.49462373052924
421,181.9617882342269
422,174.25938572071172
423,180.3037110640685
424,178.204628681942
425,185.57772914829755
426,182.34115773985866
427,181.61162374320764
428,183.68717043561537
429,184.59186306118931
430,182.58307373829302
431,182.01410058595187
432,182.1335123667435
433,183.04653198287548
434,182.34410463421636
435,181.9608469460304
436,229.9329989721824
437,183.21146797780844
438,183.66877386661025
439,183.8584073781299
440,181.415480485074
441,522.5229358349127
442,183.7401943727658
443,182.71742613602242
444,183.926487037221
445,185.27158948036498
446,183.60789106214793
447,181.2051192717612
448,182.60959679747558
449,183.93474668100973
450,1102.4369325064777
451,502.3393918291138
452,184.20354819130216
453,182.82565534320693
454,181.79416964396393
455,180.41305121042438
456,1403.8783612014886
457,183.82751932703638
458,183.1325942687075
459,182.6163892776291
460,183.87982782712766
461,182.9604821475863
462,183.06478297144415
463,182.74669546290045
464,183.87745300098345
465,182.87299617566455
466,184.79918650177817
467,183.93739992953553
468,182.7455233275231
469,182.42913706427854
470,182.21316082807837
471,186.57217282477094
472,183.28686732777763
473,182.83549031943917
474,806.3734290834042
475,181.95092266683673
476,1536.8587584057996
477,950.2891962414252
478,181.75314311785488
479,1479.8013501956107
480,182.91152344505952
481,1386.4880753835196
482,1966.0599076280491
483,182.92390379228073
484,975.0322928024265
485,889.261671199748
486,182.89600239177287
487,183.2123056352678
488,181.98305423728908
489,184.0111020736939
490,184.04533558364295
491,182.6691311759093
492,234.4549427342144
493,286.5977335447847
494,660.9512216941124
495,403.1875999598679
496,234.8734213565477
497,75.68382356519335
498,77.19395391191814
499,95.40623484591974
500,65.74916339009054
501,47.578252574994295
502,65.69082865737282
503,-10.80916764638608
504,6.789145868831259
505,21.03647737413772
506,25.55460272290136
507,32.076250450969894
508,78.39740885223628
509,122.33713341243346
510,63.869265672745954
511,83.53969283909227
512,117.66759292484974
513,69.6440971943316
514,183.33379576732207
515,38.04906938600928
516,66.23873630289246
517,62.042617368740125
518,109.0175090644409
519,32.96087124924925
520,64.71547414608077
521,27.412618806437134
522,14.144072366612722
523,118.66677495564174
524,57.465059519958785
525,14.206346568450643
526,33.907459337017194
527,11.744545063281588
528,25.37837125495843
529,-24.702869115975925
530,37.95298056116121
531,27.409600725178525
532,18.389554447169672
533,37.66027616390504
534,-3.7448411506577686
535,-30.97953533812831
536,-45.21823330716786
537,-55.4352613089918
538,-31.56139401932337
539,17.92003551203366
540,-17.62954045035193
541,-30.383241464190245
542,-54.74909674506295
543,-62.60884920957219
544,-23.298107594022373
545,18.510111272646174
546,-35.012364361605414
547,-4.76542058105714
548,29.480154978959224
549,21.766432327234092
550,-9.259492575157221
551,37.30120304650719
552,3.3364563088647468
553,31.35976913703807
554,9.840148542600955
555,1.1794360830344557
556,5.001278195696347
557,3.4956189271256566
558,17.480969701106595
559,-6.8399864762347535
560,-0.352742050767656
561,2.686724272402741
562,4.899187117367552
563,14.364896021346803
564,-8.656228122303135
565,45.78288834595403
566,59.554643544654
567,-7.426203582389143
