Episode,Score
1,372.5644937271633
2,289.10014620037475
3,347.9890363207256
4,404.1503927859015
5,277.58161967653695
6,382.07777390173686
7,386.1056331802176
8,277.5582151615624
9,382.106941547691
10,405.11425186737154
11,393.6074849514711
12,416.13439200483214
13,392.5789612580991
14,279.60633079878147
15,384.0812229615853
16,390.0791734731562
17,402.1293310421645
18,390.5842766066097
19,384.5674287286578
20,384.0742079477382
21,395.1044213386882
22,355.5574150809712
23,337.0051046317603
24,400.0841486388072
25,381.5651485953837
26,368.0508805133082
27,307.6000311879149
28,381.57898681705205
29,380.0579167399712
30,343.0764210898723
31,337.0691719304993
32,284.5091092135484
33,331.48715150430604
34,339.48382410412523
35,286.44692832612844
36,308.45445762325846
37,338.0098065223565
38,362.05525157484885
39,367.0348948467353
40,308.4519771582328
41,319.9708114377482
42,356.5014606959737
43,334.505891603807
44,283.0099438999958
45,368.0547299563326
46,353.50376860152875
47,359.5365316927504
48,285.50324970888744
49,402.1832264084128
50,390.5961457420988
51,307.62389985003995
52,416.1406551783603
53,355.1712589635147
54,412.14506323402856
55,374.0641622817853
56,283.1187905339876
57,392.122929632926
58,313.60644434652977
59,402.1164663239561
60,391.5870233621729
61,384.1287812684814
62,401.1362545291032
63,394.13790258398456
64,385.1243418275061
65,318.2093459761208
66,467.3101003981888
67,443.2817446930724
68,456.8013588520718
69,446.27224045877415
70,427.7324085531193
71,452.76341808279153
72,431.28047060441065
73,456.3230401732266
74,437.2433312494504
75,434.7641877021061
76,420.7083111259601
77,441.25651042700105
78,438.2678706663677
79,428.2446408205549
80,457.3191764262321
81,495.4195795977876
82,469.8630416289325
83,425.899125689174
84,489.93032911243495
85,496.4312998233901
86,480.403057725026
87,499.46076084163496
88,474.3918704593893
89,484.9197627237149
90,508.97741647189537
91,486.4355502149049
92,489.4222551083961
93,489.40176821098834
94,516.424999732586
95,493.4394988045226
96,496.40436193832784
97,386.9305638704131
98,498.95774958446367
99,500.4437516126729
100,491.4458971919505
101,423.43580302406775
102,529.9856919239663
103,545.5381450115334
104,505.00615307879065
105,529.4779494885612
106,498.4523023267024
107,378.8902395933095
108,494.92708431174265
109,487.4666226558852
110,509.9409322705618
111,499.9944929632532
112,493.44483032826105
113,497.9170636356591
114,495.416525365056
115,492.9219854123076
116,504.95241913982335
117,420.8537684623684
118,489.9080784151151
119,294.2467265230877
120,489.4298405230442
121,489.90979892674096
122,482.9136405442935
123,485.9252118044435
124,475.8547592864637
125,490.9432149323939
126,474.88428673638697
127,491.44559505322667
128,461.8553827361433
129,462.8547123209555
130,489.8684811312191
131,456.82544957102914
132,475.36340334126726
133,465.3487994326353
134,496.908111015761
135,323.75792124749603
136,458.3425042836732
137,487.8827176214705
138,481.8683868909586
139,454.8457735972606
140,476.8382988506141
141,467.867907386568
142,465.8551232463941
143,488.40013201472505
144,472.3864405522947
145,422.2692807704479
146,424.26288780999545
147,426.2497223102096
148,462.8217680535288
149,434.2559821476197
150,441.2772413558208
151,425.2618552061141
152,436.8025622171515
153,421.74673474119066
154,454.7664815246793
155,417.7601786736768
156,334.2026001991562
157,359.74923549425927
158,431.2216394688417
159,431.77581503697087
160,310.25454402350573
161,427.2398654238653
162,425.7438831167324
163,327.1988394621549
164,427.7459808628649
165,431.7249039723201
166,427.73217193034577
167,424.70733914628016
168,427.2356984732695
169,348.73272796352626
170,425.7153744828567
171,428.2394174137803
172,425.7371459184165
173,425.7025504949108
174,317.6887138504656
175,414.2295962053102
176,425.7572211548377
177,423.1788086014312
178,416.6633994200201
179,422.1693916976267
180,425.6453337794616
181,427.6330340464789
182,424.18876311564975
183,420.15591409336594
184,424.696940071677
185,409.65221162546646
186,424.64012876342656
187,416.66457100353387
188,291.1575454534911
189,422.1386841264576
190,423.6300370769779
191,300.67052845478355
192,422.17521036067575
193,412.1202954985007
194,408.61755333655225
195,413.09741931424605
196,324.6369638699653
197,425.1073649824844
198,414.6158980468073
199,415.6305051435244
200,426.1599331763
201,420.6038051359686
202,381.5870164447685
203,375.5775767381377
204,288.6716066148383
205,416.60988450638825
206,419.1021291342589
207,405.12040470201407
208,420.6130354145765
209,424.7151373078817
210,421.72199324795633
211,427.20939345055706
212,425.72892271386274
213,424.7081398455791
214,426.1857461732537
215,425.6991498359842
216,425.7141195285376
217,354.2478260138894
218,427.20309103775287
219,427.2197470920333
220,422.6961367136868
221,426.729086186976
222,426.1695508298994
223,426.2021589937888
224,426.6768401505784
225,428.8992067990295
226,490.3963848698131
227,488.9308683012458
228,497.9116573157448
229,496.4435769664313
230,496.8921936785863
231,497.4623846156956
232,501.4309152165097
233,481.8737225857475
234,489.8939899535871
235,472.355872997206
236,491.907472094215
237,478.40489857382704
238,499.92004475483634
239,500.43479641965024
240,488.9281457259696
241,512.983369393006
242,532.9982494215972
243,443.46553743317617
244,535.0194549171434
245,496.4839638858704
246,506.9938358602039
247,526.4885126540486
248,545.029565973732
249,443.93345320443166
250,513.4703030355172
251,513.5129021474476
252,499.980660490232
253,503.9841114784459
254,536.0085766110404
255,460.9887006842663
256,361.9791759604835
257,515.9960267325989
258,523.0073455987622
259,517.0099166595363
260,444.4672706203559
261,507.9864314498335
262,527.9946636806692
263,502.46935991450295
264,496.9555143920269
265,509.502245164538
266,500.9534353214012
267,509.9819238903759
268,551.0385151137303
269,533.0107819770798
270,511.484340954825
271,504.9738912107772
272,519.0057299863627
273,556.5923789639326
274,555.6308915781361
275,536.0802195481009
276,547.5741521819198
277,558.6204865533491
278,474.0496766820315
279,554.0678446430869
280,542.5849730531571
281,556.606820919299
282,550.5833008201348
283,552.0876979744886
284,544.542787163783
285,548.0704444601806
286,549.1121556615815
287,556.5913042610574
288,533.0186512705288
289,558.0890805710345
290,555.5681535569689
291,544.5734607968524
292,552.5725108443526
293,498.59298533273306
294,495.6061261433922
295,544.0756259178701
296,462.5320731018775
297,539.5917688450329
298,544.5769087115013
299,547.5736694656723
300,541.0900600891032
301,499.0680758510138
302,528.0567201242036
303,540.5888711474006
304,551.0849896582516
305,561.1122383986175
306,604.652344738032
307,590.6429507125541
308,603.6716546267212
309,557.6173030673756
310,595.1682720664506
311,603.1630043596967
312,574.1264523656608
313,546.0907870429749
314,532.1613366802512
315,590.1408104652047
316,552.16580020713
317,554.6243679544342
318,523.1447039624496
319,558.6355375901036
320,572.6371734139551
321,594.6607604072699
322,616.1958909359857
323,505.13625786326736
324,624.6953627336807
325,616.700905822907
326,566.7034015471894
327,603.1726571660026
328,600.1678521159553
329,614.6864581296632
330,620.710436384069
331,614.6965725196065
332,530.7098435624257
333,532.1822215806762
334,585.1640834415058
335,542.2158803296603
336,569.6771457909815
337,625.719459366857
338,615.7112290803346
339,615.6964485025911
340,606.706512987922
341,546.2061369310873
342,614.6880788103689
343,632.2132302575166
344,515.1608750040267
345,608.1857187349987
346,530.1899047657237
347,620.6937276828837
348,607.6970825084818
349,578.6969607615672
350,533.6896261817129
351,608.6924454209437
352,576.68280860139
353,525.6733187711733
354,506.6437469785956
355,589.6590464148965
356,592.177979321593
357,604.6906562112872
358,579.1992107248727
359,531.6573341699984
360,546.684421442904
361,618.2148925016742
362,589.6994136177117
363,555.218454279569
364,601.6922228974561
365,600.671624175156
366,550.2153116044575
367,605.713297324097
368,543.6981012805919
369,520.6859002629574
370,562.6598824276542
371,457.66184736509854
372,505.1508966235566
373,515.1817080924819
374,593.6676228349711
375,603.6543079004774
376,514.6772227218391
377,516.6692987274007
378,593.6385981060729
379,525.1873470754394
380,500.6870719198216
381,485.6721009993786
382,580.6732001668026
383,521.667919616751
384,455.1548862199858
385,618.6872705646715
386,600.6553186705275
387,505.6670404248808
388,441.15806665150615
389,463.6835432790476
390,600.6710755239936
391,494.67715683084407
392,507.6695868685951
393,521.658953989618
394,508.6365936995843
395,513.6480882508974
396,515.6653927788701
397,496.6811056267384
398,487.66218551130186
399,440.1336908841921
400,510.1405272212745
401,481.6283745116009
402,547.1588112795755
403,575.6280968388367
404,593.6787929327271
405,603.6372719743558
406,571.6325490108051
407,448.6421167945483
408,615.1611000274359
409,606.6607796987564
410,474.10331554848
411,494.6678689124674
412,512.1517832791873
413,478.14789707055337
414,521.6704021417806
415,606.6572578248391
416,393.1481523233158
417,591.6245405426858
418,518.1344407607082
419,588.1910798056084
420,583.6500236084025
421,571.5935339528564
422,415.12551237253626
423,597.6573580611614
424,503.132628620268
425,453.1338301414705
426,596.632430403767
427,583.6233613542475
428,587.1453764409837
429,451.1359388239172
430,341.0560170371521
431,587.1432441707552
432,566.1508734092135
433,597.1677985113054
434,488.6733432464407
435,603.1639874935111
436,609.6639536391638
437,630.6985942153636
438,558.1388469250038
439,622.6933626993365
440,396.16853772411366
441,427.6699403434999
442,514.1861352870253
443,602.1637896598538
444,612.1817252649788
445,594.6648473450848
446,572.663050029484
447,465.6496919754738
448,601.6895744012268
449,498.1507773846853
450,589.6436250067696
451,487.64572724925495
452,423.1771420418857
453,599.1519736951074
454,590.6600210550448
455,514.1491608520379
456,624.6967028135133
457,593.6481486437746
458,429.6285891473781
459,612.6827802618833
460,577.6365393090063
461,615.6872779174245
462,442.63575281918
463,601.1794841252348
464,618.6830620255869
465,482.154523313737
466,603.6470529381829
467,500.6720194834145
468,594.6540154678069
469,625.6946736212664
470,605.1839262770759
471,612.1802380605909
472,614.6944959371251
473,592.6729883868702
474,622.7075780647333
475,594.6509401891809
476,494.1984058177732
477,592.6493312386345
478,610.6661802025342
479,597.6598269180464
480,409.1175731466021
481,340.55112351438333
482,532.5632198055505
483,541.0856814424476
484,496.6038679285983
485,532.5921557815551
486,596.6287661730161
487,560.6142557018698
488,548.5929088391965
489,476.6097903437319
490,497.10336592932254
491,567.6293473143966
492,507.1349033819563
493,557.5902861939591
494,494.0876798039631
495,479.5953771174616
496,368.5667039209325
497,289.09678158978943
498,565.6236774517945
499,453.62477249318704
500,553.6497126718036
501,363.5849773834837
502,285.5714697030348
503,578.6317984863358
504,486.6459151161546
505,366.5995724993049
506,379.0952556498058
507,474.6194674020952
508,606.1716241846209
509,374.59413257439263
510,271.5416122875702
511,266.55902543234566
512,297.5604767758134
513,346.60650879601974
514,399.6426273980204
515,598.6840406538951
516,316.6033052903699
517,286.6214853453209
518,598.6482042207003
519,601.6555995332907
520,354.11495423349976
521,268.1017546651446
522,379.6447082291367
523,279.58158697463875
524,484.6475351357974
525,303.10442110713416
526,616.6650347966643
527,302.10824677445225
528,351.10933116333723
529,586.638729097553
530,616.6787750778477
531,483.11980991969807
532,593.6491866225713
533,590.6602658611589
534,599.6527522480975
535,627.6880636287481
536,284.08555204873363
537,573.6174958815567
538,286.0600820947042
539,579.6471805705318
540,352.1164080311813
541,378.6200814571238
542,574.6699973100051
543,347.5740230066244
544,265.5932415257766
545,618.6882574699556
546,313.6534300654018
547,293.1291100250112
548,618.701121771165
549,306.6456378872637
550,368.653598026163
551,304.1317596386728
552,327.6674842537869
553,305.6530600584498
554,331.6436441205145
555,603.6784193494443
556,550.7072509926508
557,630.7051231366563
558,269.63723892080134
559,278.0955526031363
560,395.6691708429345
561,323.6863196247564
562,308.22695529650144
563,568.6808723756834
564,277.19512879947894
565,609.6876016537444
566,277.6835765359398
567,296.22417551732127
568,625.6943236561694
569,365.1759442021601
570,320.7113184479369
571,627.7093925436991
572,633.7195996770548
573,337.2183886654822
574,316.2169102055208
575,622.7134712382145
576,303.2135167137115
577,625.7053942365101
578,629.7214179865273
579,619.7000244411149
580,629.7143836237257
581,329.2285206712873
582,369.6884653778968
583,353.2143050532364
584,317.1848329663526
585,628.7345184328424
586,628.7250671423528
587,281.1911003305624
588,635.7338738672594
589,367.6823499743423
590,340.2038970714022
591,634.7321680975773
592,613.6816915051687
593,319.65370271010045
594,641.7587105665832
595,639.7482673838666
596,637.7610400391819
597,302.64891388867056
598,643.7647720572364
599,273.1415632841075
600,636.7620156484747
601,639.7612596877785
602,630.7548655318964
603,638.7595025033293
604,635.7525134595367
605,367.69285491919857
606,634.7546353630282
607,643.7626789179399
608,641.7566825213934
609,625.7653494008856
610,636.7623591567001
611,308.6788479414225
612,637.7631654663018
613,637.7618341421687
614,642.764865367124
615,332.1913648156947
616,643.7650520862023
617,642.7592090333251
618,638.7652716387875
619,635.7546807509505
620,315.17098752141425
621,313.6824261262589
622,638.7651299407552
623,640.2616880929766
624,632.2580901272611
625,641.2648021745141
626,639.7653190570948
627,637.7648837401553
628,641.2646696095075
629,632.764637923144
630,633.2633276743097
631,640.7653201672653
632,638.7623248682403
633,636.2653416161598
634,641.2648463638104
635,340.58787527562055
636,641.7639579556637
637,311.07258164451616
638,638.2653546326629
639,633.7568325201989
640,635.7635959822277
641,640.263584945175
642,630.762804820052
643,634.2653003036304
644,638.7650054712101
645,627.7631855788064
646,638.2653292646359
647,640.2637529490358
648,627.7647048109169
649,637.2653106087063
650,637.2579731025492
651,632.7653005050738
652,637.2645977200417
653,637.7650864887371
654,640.7653038824772
655,642.2611457820608
656,642.2652646662423
657,637.2627213359575
658,626.265056764989
659,642.7597875705102
660,619.7652558765656
661,639.7653100493851
662,631.7605947857373
663,639.765305229826
664,638.7653288721662
665,639.7643711728175
666,617.263817244826
667,639.7619159487591
668,640.7640870908834
669,634.2647700017961
670,636.7641086066167
671,629.2623113099485
672,635.7653029390364
673,637.2652832949628
674,633.2646670755362
675,632.265323310867
676,629.2653250657372
677,637.2653040412574
678,636.7653061822443
679,616.2653057027646
680,637.756756950653
681,639.7653055497889
682,640.7653161826055
683,633.765292255189
684,623.7653076194364
685,621.2652904293955
686,640.7647147631579
687,638.2652857344366
688,636.7653074365596
689,634.2652973367756
690,635.2649922479303
691,640.7652832998336
692,640.7652883105741
693,637.7644149471623
694,633.2652936163362
695,637.2652912588673
696,402.2188032736665
697,638.7653054185494
698,638.2652951201095
699,638.2652998638397
700,632.2608899176146
701,639.2652858873162
702,634.2636057155709
703,633.2652910375296
704,636.2646275791961
705,640.7653302278134
706,637.265330900311
707,640.7653200609421
708,639.7653215072811
709,638.7653017435877
710,640.2644301981306
711,639.7653085455319
712,634.7653151577592
713,638.7652946896204
714,637.7653214220494
715,634.2653332598242
716,636.7653194572861
717,637.7653133737344
718,635.7653239399073
719,640.7653139371438
720,635.2653128849995
721,639.265322174321
722,634.7653037340217
723,640.2653085481144
724,635.2653108958322
725,642.7653036593617
726,634.2629415023688
727,639.7653138160522
728,643.7653105108382
729,635.2653148131251
730,641.2653134914251
731,639.7653194637637
732,638.7652983041336
733,637.7652960171149
734,638.7653073267136
735,634.2652985667272
736,370.2012240834394
737,633.7653231294025
738,636.7653289498754
739,636.7625418683691
740,635.762400136905
741,640.764980882782
742,634.2653219941119
743,1019.6158470701574
745,1141.920865425384
747,1079.276806282229
749,1014.6142875046625
751,1011.6152443420258
753,1058.7150038139052
755,984.0538934947735
757,1168.487062400055
759,1019.1158958989804
761,1103.317404961673
763,990.550985497365
765,1049.195197497891
767,988.0519058270568
756,989.5519313803668
758,1009.0943395845804
760,980.529960669616
762,1005.0926879701594
764,1007.094197969015
766,1006.093455432942
768,1034.1565305800405
770,1063.705911031337
772,981.0333163118733
774,1100.8182879982255
776,988.5718316480186
778,986.0538590317344
780,1069.735459524947
769,1092.800832316506
771,1073.7594091528713
773,1113.3421384016924
775,1175.5233703149656
777,981.532961701026
779,1023.1310401128763
781,978.533343462424
783,1056.713287986294
785,988.0539088672886
787,1132.4026182475966
789,986.5333095643548
791,994.5723409481508
793,995.0703841980666
782,1046.677578512398
784,1060.2092397097315
786,987.0520905765557
788,1047.6747141736855
790,1036.6772822486023
792,1010.08045696838
794,1103.3148091081723
796,960.4922326854075
798,1027.650971635503
800,948.9717292873644
802,1011.6130367736132
804,994.053879665545
806,1019.123114407331
795,1008.5946231895872
797,1034.1567780933713
799,1182.526627793964
801,1046.1636137609871
803,1074.7529650813822
805,1059.7408433648866
807,1009.0952175513276
809,1025.6263435083688
811,1006.0941367402024
813,973.5109541347972
815,1297.8176341472897
817,1049.6897209271451
819,1338.3944002381863
808,638.7772595484141
810,979.0300692126333
812,1005.0952143605589
814,957.4911995355433
816,1033.6539384348607
818,1022.6346463153845
820,1002.0952081853569
822,988.5535908377728
824,985.0325514016993
826,1026.1554406283124
