Episode,Score
1,427.3509656093849
2,345.58279250800746
3,208.52333855349028
4,353.62286334542347
5,332.42985361786685
6,402.25453504961064
7,274.0106715944163
8,215.58236017007536
9,450.5880217045792
10,371.87849137306347
11,297.1994649427093
12,550.534193700352
13,385.8235861893584
14,293.084097382169
15,195.54140046118806
16,150.04618195297232
17,237.80374715835427
18,150.04400957540093
19,150.0382488869046
20,287.04644694233315
21,150.3776163053662
22,323.3396488626771
23,224.75452535028012
24,219.7027495734743
25,150.0446756395509
26,256.87246841232275
27,150.14047341385628
28,150.03964336311913
29,194.53792877012722
30,265.9246294381427
31,150.0414573823459
32,270.9512636831442
33,343.53834315338264
34,211.64106702633063
35,212.64811808547785
36,209.62472661326225
37,421.19696668016456
38,327.38714025408234
39,314.2510792070969
40,574.8393349227981
41,349.57121843152413
42,723.6176838706865
43,310.21428678583703
44,150.04678443290936
45,215.67181718847988
46,348.57717465507295
47,268.9360458761416
48,212.64406349487845
49,267.93397086247074
50,211.63802368501766
51,210.63378781306693
52,287.0411794221105
53,318.29342931743673
54,150.04211299712244
55,411.0755333570311
56,408.0323342708236
57,221.72490502678983
58,165.41294288181783
59,345.55048735693185
60,335.4875922460525
61,414.08302356818626
62,351.5730496754448
63,332.4559262453958
64,296.10284810443386
65,231.77425386225696
66,223.73752569803142
67,165.41897773947198
68,412.0966425621279
69,184.48569182501404
70,408.0755646391009
71,249.84795665625776
72,319.30423205044184
73,349.56869709980447
74,512.0705531759284
75,278.99218730732525
76,383.82586608603407
77,358.63549930292436
78,301.1417858185917
79,243.82245754873233
80,283.00699797844345
81,307.1933497068316
82,213.65119618543994
83,307.1980927497307
84,286.0412308751669
85,206.5893449207377
86,385.85013093062287
87,483.75518685276734
88,150.07401177134457
89,554.7227833353751
90,326.40968537636513
91,400.91802797460576
92,562.5965662032352
93,150.2758835862298
94,463.522881361731
95,309.21736034816183
96,145.0659572256449
97,331.45353250098486
98,222.72309161956676
99,252.85452909735275
100,279.9956531373299
101,353.59881071272594
102,464.5332221030722
103,307.1983973093106
104,347.499432185302
105,249.8463913801883
106,614.8643950213427
107,610.9302621801905
108,310.23242545073185
109,244.82693509302132
110,150.05677708513494
111,204.58777721294706
112,311.23269358109945
113,453.539719847897
114,322.3317736219326
115,521.1000125312122
116,296.10786805760773
117,179.45615595203003
118,429.2612992346206
119,150.28696531467787
120,217.6820008196562
121,324.3695333797419
122,462.55869032753884
123,515.1333672016168
124,322.3301273113273
125,521.3063949574689
126,276.96512312740373
127,357.6303782652416
128,377.77203592007356
129,149.29258493368283
130,403.0252380164322
131,321.3369831053582
132,275.97542976140244
133,544.528610538855
134,672.6107575420116
135,150.17117801400298
136,369.7257432364612
137,224.75682311584612
138,150.06561059052382
139,342.5329352163308
140,555.3205298261295
141,486.7478390735354
142,150.0531598609968
143,312.25213008167117
144,271.95340050126396
145,291.07390940508674
146,328.41647004797875
147,216.69366133412507
148,251.85705452379258
149,244.82903977485842
150,318.29402658029215
151,150.0533194327924
152,410.09390414243063
153,518.0165876619325
154,464.5718001384075
155,329.41003143367135
156,439.3487867055924
157,150.0650944755927
158,276.9822930261277
159,480.7383614356724
160,328.3993945134231
161,302.1473271997123
162,284.02193115863355
163,550.5697089588886
164,428.0702360432095
165,376.7647697655243
166,143.16011651741687
167,434.2968233300808
168,193.52613353852183
169,150.05372116195605
170,293.0878891537315
171,158.67961804760657
172,330.42720381441677
173,302.15045472412976
174,302.1463361391394
175,322.3389432003566
176,284.0245770923292
177,273.9685824181802
178,150.06297420229268
179,264.9156181400396
180,317.2787069378323
181,312.23454495803554
182,294.09351097948587
183,337.5136642374308
184,326.3876554182474
185,488.7203395027266
186,271.9563348141133
187,372.73258309362814
188,346.5618904463761
189,561.6876118451912
190,300.13225306203736
191,291.07157593213617
192,349.57848719947435
193,295.0920356331972
194,357.713236058011
195,214.65223286426485
196,150.0713455312847
197,305.1777169338166
198,382.8273884249757
199,150.05593334018894
200,292.11177981046376
201,150.06148731757278
202,380.7881785951984
203,402.9990971617144
204,248.84185625234593
205,143.10568818547105
206,150.2259218941831
207,506.84872023349396
208,150.06779019287507
209,286.04271296459603
210,294.0957355237404
211,314.2537818733055
212,330.42887967170924
213,222.7339237808849
214,144.11728815730342
215,150.0896480975823
216,338.5404199387149
217,143.1468023748308
218,368.77559187669857
219,198.5590256549986
220,220.71083730031657
221,382.82792032807055
222,432.31755520595743
223,150.0831521646366
224,291.0708112005167
225,154.31964968606877
226,336.49886699038433
227,344.55106539955847
228,434.63761294978383
229,281.04377659825246
230,262.98955687770547
231,295.1616425609039
232,160.3984417198329
233,336.4507607246466
234,416.1352385593972
235,150.09460186135308
236,150.10924154339432
237,443.3975685787941
238,415.1694655044282
239,491.76321550744245
240,377.6973801407285
241,459.4290590371418
242,204.55996761949072
243,217.69282360698244
244,384.83499196094215
245,380.88329305488656
246,150.09058317393266
247,150.07557481005176
248,150.08717762840797
249,380.80437419098666
250,431.28515095713425
251,300.1403913518965
252,196.55166036648478
253,435.2777930667615
254,385.84638637117916
255,150.08187057109
256,530.0058484755654
257,516.8910084052972
258,149.28090715602139
259,437.30684601241467
260,306.18338842708044
261,150.28496708805991
262,256.8787550022916
263,150.11287696644655
264,253.86820735182374
265,150.09255145905166
266,374.7618148695102
267,335.4830714269977
268,223.68781212903386
269,150.10398284687957
270,150.08925691257312
271,150.09845767655528
272,477.81089657731235
273,201.56879651628606
274,403.7631452354602
275,363.59970341195304
276,150.08377908334288
277,355.5115527907842
278,150.09267460940296
279,150.11442589984216
280,150.09511269185052
281,314.144281998722
282,150.08719908972617
283,375.78187312628665
284,261.89808451494554
285,337.4145371295397
286,150.0894842155368
287,214.666584013274
288,606.074130906018
289,594.8135476205011
290,239.8197189132219
291,285.0392671359428
292,150.09163885134876
293,150.0809972605981
294,458.304571000103
295,150.08853386113694
296,261.8599297305752
297,259.9235960252412
298,199.58214601212666
299,254.92589349915556
300,245.90532056955522
301,268.0140544575641
302,233.77006462864293
303,250.89967748514502
304,261.92687513163924
305,264.94337833730634
306,229.75548637039716
307,243.81318827642343
308,269.01773891029234
309,262.98952242110533
310,240.8346591176333
311,259.9504571963556
312,255.99322804176978
313,249.92856326889378
314,260.93404995418854
315,276.1484942382317
316,262.00143642263083
317,269.99720718704526
318,267.9135131556186
319,260.94778638352847
320,484.5038736997216
321,150.066827938553
322,150.0876594812099
323,269.8674306276123
324,247.89244041579923
325,272.0005593173075
326,150.07652596230886
327,259.9458897137978
328,264.92568154379313
329,150.0809785793353
330,275.07398620918354
331,150.07773761734936
332,359.3452498814079
333,150.3137929813434
334,150.07717825009576
335,326.24820809770347
336,278.9935832248506
337,290.1068521435754
338,150.07827151963195
339,150.09202956015716
340,150.09251910765838
341,150.09091924482547
342,241.73155242184401
343,358.63877350614644
344,270.9068509217152
345,248.87825794998585
346,281.1243968196848
347,307.2139374308274
348,142.1503920331405
349,379.813386533051
350,269.9782545251325
351,394.9077936675424
352,413.0027898019061
353,150.28162817483658
354,184.5066721220344
355,334.4980130194365
356,375.814494131551
357,271.95108934775476
358,360.75737361363207
359,370.85323500112025
360,327.4504850037298
361,150.09429426922816
362,529.0462125142859
363,314.116494413553
364,380.8092117329533
365,150.05402052346452
366,390.87217014981894
367,384.8277991593714
368,225.75744577899349
369,150.05895772331036
370,381.812303582928
371,332.45097265715356
372,304.1641548129791
373,368.69879656659435
374,388.8592236772645
375,381.79922843697227
376,150.0689702629157
377,203.58572834580875
378,295.1000520974122
379,326.3851410235754
380,297.1121093423247
381,382.81794625063696
382,380.81194435147006
383,327.3980361207795
384,145.21808467289426
385,429.28150710571873
386,532.3202812790474
387,324.3573059836448
388,246.83593273837405
389,352.5862757825823
390,357.6251920552697
391,150.06684603916472
392,421.1668339957077
393,150.06078015312647
394,530.2643551655185
395,546.5266432387965
396,497.86081898126946
397,150.0723492783446
398,150.08262443788328
399,245.83345769719136
400,683.7745702963276
401,705.752288640391
402,256.86652063486656
403,150.2523132294003
404,457.5131062372071
405,688.4957368913367
406,150.07084368167563
407,437.2039070315195
408,150.07732159043016
409,364.6791066702476
410,355.61089503915457
411,316.2730946983853
412,200.5898288942692
413,331.4416582889421
414,150.06670088493905
415,205.59351873245885
416,396.94089865527184
417,214.6623836860844
418,399.9560442134273
419,307.1917023734945
420,240.81239319650996
421,332.4218419567894
422,318.2982008512289
423,150.07347272066065
424,728.3247618459234
425,506.8870640397947
426,518.1070297382527
427,567.8500741499805
428,257.88565186402764
429,150.06716652362422
430,150.06289417801335
431,529.2989008380522
432,307.18977557929793
433,428.24570151556037
434,217.685286208454
435,581.016215004209
436,249.84298842942286
437,505.8627911903951
438,385.8956399031031
439,298.1472219117869
440,269.93935741073545
441,150.05812187035417
442,684.8040753146594
443,256.8919526194107
444,393.92682425072627
445,355.6164066120195
446,560.7393022286761
447,230.77301055423294
448,293.08811741181756
449,394.9489617886416
450,297.1185014888439
451,378.7762315489451
452,150.3187372331392
453,251.84966000498304
454,276.9842353138274
455,365.68790810033846
456,342.52877878583877
457,352.5638238772682
458,214.66804195278655
459,417.1578790036181
460,221.72569577756303
461,448.4201700678255
462,150.07518927305927
463,387.8566628299693
464,333.4725662678884
465,246.83241797247425
466,315.2609970308657
467,150.46990154498206
468,150.0659520985091
469,271.9510400055847
470,150.05419132727621
471,142.2171503604873
472,150.29974835444125
473,659.1191863481992
474,339.51599526747424
475,329.41471625715366
476,366.69789230689724
477,150.05232663060514
478,294.09582838985983
479,468.6203863769922
480,257.8765227345202
481,259.89238110296964
482,441.35019144430754
483,310.2227408445185
484,156.3931682724498
485,555.4274866030004
486,282.01424139986347
487,445.39161625554965
488,383.8250722034219
489,366.6920402902767
490,277.99237520470064
491,150.22335337873307
492,344.5256097592909
493,150.06772973715064
494,317.2817690424343
495,282.0131543062197
496,322.33722071772524
497,272.9627078227104
498,345.50099580261644
499,240.80475816506873
500,210.63534149796905
501,411.0237612922432
502,160.40174791164975
503,312.24511754887277
504,325.36165562760505
505,181.47431906482464
506,269.9418242538515
507,150.0781516080584
508,338.2330877363293
509,355.58391034413023
510,150.0721861826853
511,281.10921254076686
512,211.6429698982089
513,353.35588761586826
514,252.86310470430243
515,277.97456288742796
516,150.0838772723697
517,144.20062687508596
518,365.67293730457345
519,150.0698214821601
520,205.61730116811864
521,150.07261986076747
522,150.06888658873552
523,329.4084245687407
524,279.99643451703565
525,351.44957436149826
526,397.96023208653514
527,232.7884152956273
528,287.9589884010957
529,222.73384251080677
530,324.352487915889
531,214.66157997546043
532,321.2835263761791
533,298.1206631998302
534,328.1954686712402
535,346.51519000156287
536,257.88697326517763
537,350.5774876366467
538,347.3889642848237
539,299.1240989274192
540,495.6686289069999
541,150.35448374269038
542,263.90573410933644
543,349.6118531162041
544,390.89615224599703
545,306.2220849270203
546,313.1594270688508
547,257.96107252693065
548,305.1150838214534
549,310.1376823000389
550,262.00233335592384
551,259.8908824641667
552,442.368728601843
553,150.08990184846255
554,282.0079862646223
555,355.3946570544907
556,736.4788647997535
557,150.0975591453812
558,212.64510369713594
559,294.0921759453303
560,423.1901011221188
561,464.5387124366372
562,290.06528423033643
563,349.40036876135525
564,886.49121321501
565,150.09837014303977
566,288.02347049121823
567,293.0401558234218
568,229.769194220568
569,295.2359756053647
570,260.89461595833365
571,308.1266697758229
572,324.2953591175849
573,324.35833193263585
574,267.93512996253924
575,312.23394474378034
576,150.0949992480071
577,292.0764862975749
578,309.2851386622061
579,150.07946965092697
580,199.6581829220883
581,337.28503503807684
582,219.7034671920374
583,315.2557648444469
584,386.9108298113117
585,150.08369247730178
586,270.94737102460294
587,288.0517630953651
588,336.4465188919032
589,327.2601852998226
590,150.0799895692631
591,280.00187336796273
592,383.82854190371967
593,394.778435673885
594,150.0918004691083
595,275.9769277958195
596,378.78323470614947
597,432.2313781008349
598,150.07943600815503
599,358.65834930726203
600,273.96230248836105
601,326.2863974588638
602,244.82807744518897
603,399.06616399047675
604,313.24234194173556
605,308.19590400624077
606,322.3251600850845
607,354.5333012409345
608,382.9022711418558
609,276.98226251972176
610,259.8869019220087
611,273.049765052232
612,150.09175383056808
613,231.7667656820566
614,150.09906683698358
615,282.0130372019616
616,320.19990979838644
617,150.0824852585127
618,328.24612877869157
619,245.82582795492783
620,150.0897039249656
621,228.76794935874517
622,323.3389754770993
623,358.6342321382639
624,346.52561397258273
625,150.0992134930403
626,306.1840021797111
627,312.2377110886201
628,359.63319783026765
629,373.8587336080654
630,339.4397517349192
631,276.01826477309504
632,302.1475756758077
633,150.10253223125832
634,359.54004409200854
635,363.5763020361785
636,295.1286009911008
637,373.5417490522286
638,282.0046629613823
639,331.4152656006737
640,400.93285281093796
641,339.52569148354115
642,500.8171717842066
643,349.43360566001877
644,336.47133721165693
645,361.65912766665065
646,285.16997670597766
647,324.35680749081496
648,150.0917310828658
649,305.17839403986085
650,302.1461330043254
651,379.94721772141753
652,364.52963116926213
653,368.8242813020348
654,258.8859310694825
655,291.04906612989873
656,277.9807674163292
657,374.78175066123197
658,348.34513713972154
659,222.72756703220972
660,150.35665086293776
661,380.776521388377
662,229.77431077072146
663,302.1532668631383
664,282.01256693315133
665,322.34697027453467
666,270.9380837664583
667,324.35431755433245
668,150.1021330152847
669,359.4410191964937
670,299.1145842384346
671,196.54962789092698
672,267.93215968937386
673,494.782359421278
674,325.3603718613977
675,389.88615197872093
676,217.66730702339856
677,315.20498269809957
678,344.3989346938816
679,256.8933447480888
680,268.88179417951255
681,377.7096544650751
682,404.0258533175244
683,302.1542566875277
684,328.405719075565
685,396.123904430674
686,150.11725203694508
687,407.0681494730685
688,150.11608456525215
689,380.7968297295818
690,277.9839409558317
691,315.2584194239828
692,274.9686681283164
693,300.1396168438729
694,389.91364397984063
695,330.2927790087185
696,297.11930079890226
697,254.86699883307026
698,369.46755827756965
699,318.3099576663894
700,150.1084389256779
701,257.88209751958675
702,537.2065781858984
703,340.52679633241985
704,459.44134801737806
705,319.29836390567397
706,334.47421503002727
707,330.44834373907383
708,415.03271823866686
709,249.84270178958954
710,356.6350190006988
711,503.8707294122663
712,150.1217952138053
713,319.3018479739875
714,360.44734613442444
715,295.09772990361995
716,340.5217574569587
717,256.87751281273694
718,203.57924918205978
719,193.53557402064152
720,333.47098260427146
721,150.09084861461454
722,511.02927856141986
723,316.281380966411
724,281.0066151337621
725,394.13551965547947
726,359.63916011322243
727,191.51837373568196
728,296.1034926523229
729,379.7960402069704
730,410.19786348663473
731,528.2417522163887
732,371.730359209247
733,487.7419576684708
734,592.1413814475192
735,236.79299477977102
736,360.6496108573552
737,150.09589837057726
738,150.1032252382169
739,351.5939815838595
740,328.4217386043952
741,348.5497634081547
742,314.25367605663746
743,306.18497876369526
744,150.0980830600647
745,423.20984001756705
746,425.1559473942341
747,302.1501817926971
748,441.40182480486146
749,284.0257852824129
750,378.78143198992655
751,302.154765748929
752,176.45383816980362
753,150.3332537501267
754,426.28906317864636
755,209.62435066211896
756,273.96718744625883
757,387.85877749014327
758,150.09614357048864
759,150.08212877485883
760,552.482824824348
761,147.31166419981452
762,267.9333646923795
763,319.30203299112804
764,211.63823159407318
765,336.4924302902961
766,256.87339031104625
767,211.6374193515813
768,150.10766411544952
769,150.0933825109889
770,150.1197436023688
771,297.10816490675023
772,429.2714906865185
773,150.09134770697483
774,310.22074158718317
775,144.16170725349062
776,349.5850037146742
777,316.2819568181233
778,617.1099915431726
779,150.08437315110612
780,1032.1218870648806
781,377.77177390141804
782,150.08061544577149
783,376.7764000268465
784,359.64385503684804
785,205.59862659676742
786,360.6484977033201
787,150.0890890375325
788,366.7004588889799
789,435.32890553000914
790,297.11775128517326
791,538.4010001567826
792,150.1106909791632
793,330.4206714972442
794,378.7860238303844
795,312.231503622081
796,348.5683539694916
797,150.3366254957164
798,501.90178275177743
799,272.96356196326667
800,283.02238664638253
801,347.56755811885654
802,413.10164717368224
803,665.8967962565273
804,150.07811701250878
805,231.7796286474755
806,150.09261484385377
807,259.891345698323
808,315.2583385417811
809,321.32424209241145
810,348.56584796368907
811,282.0119498565082
812,370.7171168634595
813,230.77713765206448
814,347.5712993234654
815,330.4317656655111
816,368.70036211424883
817,269.94537853867456
818,791.3102544112296
819,150.0817885074328
820,386.85384494956025
821,513.0310414320722
822,425.2374650095523
823,307.1892595073486
824,150.0830117637905
825,232.78168035152902
826,535.4409455120682
827,308.2026620856858
828,308.19851382336185
829,329.41463365166663
830,326.36723543326605
831,182.48178108319763
832,398.9507638452329
833,310.2195968456099
834,299.1307566289424
835,252.86261201169387
836,334.47879170590505
837,374.7559676949707
838,970.3725938064006
839,329.41882697000904
840,150.06953305166277
841,221.7258778223649
842,208.61665773371755
843,327.3920180527949
844,462.5326086914838
845,150.0697017973068
846,150.0765632409379
847,361.6562396421651
848,160.40591566410947
849,780.4578051675661
850,335.48943599906164
851,253.8641422125421
852,385.8441558603493
853,342.54312352446044
854,150.0754472125593
855,309.2121038230177
856,287.048278382953
857,143.1001866554514
858,150.06699290946793
859,150.0676547645863
860,213.6525151346598
861,530.2145719228175
862,280.0024376116059
863,325.36537224913394
864,289.0605098216983
865,150.06361153649888
866,475.6393415660146
867,319.301877520693
868,433.2956465774158
869,374.75698506383515
870,331.4339755038094
871,356.6198701982686
872,299.1315196172631
873,284.02516599139244
874,290.06914048199405
875,323.3439024518511
876,293.0842789787716
877,305.1779480025752
878,329.4068597858266
879,493.8390481133135
880,414.0952529810665
881,330.43068298486173
882,150.0691996245244
883,401.98574177536693
884,150.0740084359163
885,391.8879339646545
886,323.3470736669305
887,278.9908410962128
888,247.83807432515914
889,428.2427412342989
890,393.9047852433575
891,150.06148284061098
892,299.1302241350333
893,150.0696198940507
894,328.3963092516862
895,150.07680789624
896,150.0934329569133
897,310.21921174362535
898,150.0680407347482
899,363.67052095965636
900,527.2406426724039
901,249.85243740146308
902,228.77126934707286
903,259.8980690976299
904,150.32747031164507
905,150.06749806186485
906,150.07377925820037
907,429.280703321842
908,306.1815888639157
909,150.06949824820538
910,288.0489271082897
911,385.84148939765964
912,198.5568336588798
913,214.6634693257333
914,249.8503145067656
915,150.06920678405578
916,403.98529658683725
917,384.8264531666774
918,311.22871120713853
919,576.8875376533133
920,221.72085861281133
921,338.51583572368537
922,391.88008018265435
923,150.08281470695928
924,150.0721842152811
925,306.1869356634012
926,553.6158027430608
927,366.69732704133355
928,148.1974575363753
929,293.0794967519206
930,150.06555843760455
931,369.70590707288056
932,515.0662065505906
933,301.1412821102121
934,279.99934931826704
935,338.5182101998506
936,302.1565641249479
937,272.96413639362896
938,150.22248475423257
939,319.3050698928249
940,417.1155009101035
941,150.08086481605156
942,338.5017559821977
943,285.0319815689729
944,323.3458802328177
945,406.0444130729442
946,265.92501541286236
947,299.1339330928082
948,150.0750996269091
949,385.84615885705557
950,150.08415976143473
951,294.0925987447797
952,385.8435295242365
953,357.6133007900443
954,323.34946631104157
955,150.0733250847182
956,310.2197563357524
957,150.085075680719
958,150.07872888662283
959,309.2089383564594
960,492.81117170781954
961,150.07099361409655
962,304.1662992033299
963,497.8678286676938
964,293.0830512026675
965,150.07521352540047
966,374.7353902003065
967,260.901002368803
968,373.7335167147474
969,150.07588873895278
970,360.65034411573214
971,150.07293629979276
972,272.96274877416903
973,304.1687520007564
974,150.06504926794722
975,150.06445724922088
976,576.9024493184718
977,248.84422821898963
978,150.09802441387373
979,312.2302064009005
980,311.21861623317864
981,477.65435537747175
982,385.8444125028782
983,375.75197676358846
984,284.0276642820823
985,197.55338438132463
986,307.1883045004197
987,150.07927126839212
988,285.03668451887546
989,320.3159000686735
990,150.08566678272518
991,315.2563532866176
992,368.71345871773707
993,514.0453842741747
994,150.07336174197988
995,274.9733257120188
996,400.9721325231402
997,150.07658410238597
998,382.81982622497225
999,223.7246214510213
1000,150.08068122004053
1001,150.08269286760142
1002,316.2732358028171
1003,277.9930462310834
1004,543.5102254913743
1005,293.08362930686377
1006,150.07659541436888
1007,150.08419866441307
1008,520.1701623622278
1009,178.46456015945216
1010,259.89558992576724
1011,150.0711458379019
1012,297.10746410214927
1013,274.966319692503
1014,356.6000259855079
1015,242.82134383175597
1016,587.9664520731923
1017,150.08235899117182
1018,150.08157018101838
1019,293.0814290360446
1020,392.90733563974703
1021,460.4997947125286
1022,545.5140619848373
1023,453.45015936122184
1024,336.49977837208525
1025,295.0944750525155
1026,300.13923942053947
1027,297.11606503290943
1028,299.1300796413445
1029,377.76799345759684
1030,373.735437459891
1031,377.7718496656631
1032,150.0785273649329
1033,330.4265646564448
1034,150.0674523154724
1035,332.4378522287299
1036,317.28122411345885
1037,240.80807943284285
1038,285.0326460560751
1039,359.6372806057188
1040,303.1611306992011
1041,312.23347985542136
1042,150.0727392328781
1043,550.5347696856315
1044,451.4430209957927
1045,432.2870490765281
1046,387.85574325452006
1047,275.9708693931656
1048,309.2176852647119
1049,398.94048953264246
1050,361.6513478241443
1051,274.97264986500727
1052,148.26994124627876
1053,319.3066419716791
1054,150.08510699165916
1055,543.4843150431191
1056,150.0841844928576
1057,276.98298772289763
1058,323.34492376480387
1059,150.0905264983106
1060,374.7412068327752
1061,146.2054944792931
1062,253.86652457515586
1063,291.0694249603647
1064,440.36085309359515
1065,212.63988191963085
1066,384.8363811711475
1067,412.103197165876
1068,319.31233565174637
1069,575.8605924301706
1070,372.7408382931304
1071,304.164353172445
1072,264.9140130738313
1073,313.2413342274118
1074,360.64888183948216
1075,383.82110456922624
1076,270.94229363505525
1077,373.7414185972195
1078,273.95827776805646
1079,420.19551897690735
1080,903.3219437240333
1081,228.7569433050085
1082,324.36175936094463
1083,150.09137689939396
1084,372.744691343359
1085,269.9398703313845
1086,313.24894723723463
1087,207.61076406025606
1088,287.04176566176557
1089,373.7340620859716
1090,369.7143238607595
1091,150.0695384404519
1092,313.2410999085975
1093,385.8494098962609
1094,265.92502548822785
1095,150.07153116454504
1096,297.1162006794521
1097,150.08785167594755
1098,216.67932505080557
1099,729.4472236675053
1100,326.3757375796484
1101,412.08911841871304
1102,150.0737423716716
1103,203.5829373516373
1104,150.0921284739356
1105,150.0778580228375
1106,335.4834067027135
1107,292.0773303213033
1108,399.966016695839
1109,306.1812778109834
1110,321.31515898371003
1111,265.92308387148137
1112,269.94553524870287
1113,409.05415669966715
1114,150.07404998054596
1115,209.62468702111212
1116,420.14523575813126
1117,150.07677701651338
1118,314.24879730809585
1119,314.2437710357536
1120,303.15907396121753
1121,224.74837953113945
1122,346.56623882154634
1123,251.85621546196666
1124,150.07572539703517
1125,150.0751383677947
1126,424.19874646340213
1127,150.06781457810007
1128,491.79233015246115
1129,339.5315247337116
1130,392.91245465558046
1131,371.7346523567807
1132,150.07847943648684
1133,223.7452548978459
1134,973.1125087163875
1135,150.07610100973807
1136,343.54174357180955
1137,150.07924982051915
1138,342.53788158001123
1139,308.2049248548888
1140,150.07098581000068
1141,150.08008328629128
1142,265.9165611131024
1143,456.47368133047047
1144,538.3786679105581
1145,322.33331153115336
1146,290.06218144772964
1147,325.37059729622894
1148,380.7872152557765
1149,303.15726796830336
1150,323.34958283374556
1151,150.07892350256623
1152,848.9907269390167
1153,267.93655198609383
1154,485.7447016527275
1155,150.08208667127715
1156,150.071827899532
1157,150.07293545831973
1158,305.1835215195835
1159,896.7029728627209
1160,324.3648966963324
1161,221.71990664613122
1162,150.07542627629064
1163,298.1216322143868
1164,611.0927684987854
1165,268.9310226073734
1166,327.39559865825356
1167,614.089857498214
1168,488.77885081668
1169,312.24114374277667
1170,261.90594738359
1171,283.0134803758838
1172,150.07773573546854
1173,311.2311767707356
1174,867.7114349341987
1175,150.0832111049217
1176,402.99970129130577
1177,216.67800270245004
1178,311.2280608191644
1179,247.8408996414725
1180,150.06999366286678
1181,316.279350474264
1182,286.023469926527
1183,225.75899329398536
1184,150.08590083294683
1185,750.3941009764544
1186,333.45192729637256
1187,266.9072831310601
1188,299.12424650283424
1189,676.8868359198253
1190,150.08228463631735
1191,257.8856733177628
1192,355.61018045276654
1193,412.06961219814804
1194,150.07113330911346
1195,150.0771341156257
1196,284.0230809173706
1197,352.59318950185593
1198,338.50169535121637
1199,143.10760267565647
1200,302.15359780845785
1201,528.2161829616934
1202,226.75919068254896
1203,150.3108806886347
1204,150.36959424762142
1205,150.06125046859347
1206,517.1258024658978
1207,194.5368615570979
1208,333.46921952282105
1209,216.67651749865968
1210,442.3732572255845
1211,527.2157789286903
1212,363.66693433649385
1213,167.42594894032177
1214,254.87051645741488
1215,417.1550261414689
1216,344.55370188452156
1217,150.05965523417456
1218,446.3997546468562
1219,271.9590038619716
1220,221.72055335170043
1221,255.86955576780827
1222,150.06243415979012
1223,150.07210104065473
1224,150.0690854615431
1225,317.2816239341093
1226,410.0648643329918
1227,336.49758877465894
1228,320.31760253898653
1229,306.18550700851466
1230,177.4619586334941
1231,373.74213975251735
1232,293.08102231796653
1233,150.0749621972713
1234,350.58259103414076
1235,150.1111844772091
1236,395.92261034797036
1237,284.02221114534797
1238,242.82320377985914
1239,280.00121581907143
1240,467.5539139145138
1241,250.85792705104808
1242,266.9297050777582
1243,191.5224230080129
1244,150.06372102764604
1245,235.79918003300216
1246,316.2749045894512
1247,150.06358395026933
1248,150.06059086162765
1249,268.9459598705819
1250,431.28178962176554
1251,150.35356332125863
1252,348.5756603223392
1253,163.41468916214444
1254,273.9651093076597
1255,274.9728707674226
1256,326.38159637222435
1257,370.7144763607999
1258,360.64931940053805
1259,719.7159920176666
1260,314.2555562507475
1261,150.0654783424134
1262,301.1434637971368
1263,382.8060117321374
1264,150.0550781651
1265,323.3383664887835
1266,247.84172614060762
1267,150.05891551707717
1268,150.05773280562096
1269,530.280406215076
1270,278.9982663498027
1271,350.57985388994837
1272,405.01142427602144
1273,150.04913511341962
1274,330.42571348047863
1275,285.0290945905199
1276,369.7097503310531
1277,217.68142976993576
1278,223.72717955542763
1279,234.79266944424944
1280,311.21730296398937
1281,221.7223222019264
1282,382.81895007171937
1283,320.3091149565258
1284,400.96866034275035
1285,355.60683062337864
1286,254.87098809153724
1287,579.9117025483828
1288,269.93627387718584
1289,332.45540065881227
1290,278.9984940396183
1291,220.71340489979545
1292,314.2551223502842
1293,351.59618461895786
1294,417.1249264155843
1295,382.82128169373715
1296,276.9840979783598
1297,301.13972334895396
1298,318.29757024807617
1299,150.05841631353448
1300,383.82949949706585
1301,523.1580220444739
1302,321.3298441112708
1303,405.9975290115991
1304,347.57300176616064
1305,305.17220362198475
1306,351.5922045765131
1307,384.8339850483526
1308,271.9599899319159
1309,389.8644254597393
1310,335.4772600081056
1311,150.05422737712286
1312,150.0592533081233
1313,150.05116486457217
1314,278.99922182094485
1315,250.84173897900124
1316,492.8183774019848
1317,383.8227897693904
1318,313.23606713163315
1319,150.0535858983062
1320,248.84643186592083
1321,274.96820910894985
1322,296.1031820553399
1323,399.9636192307225
1324,150.0607340617832
1325,352.6011820507844
1326,150.07004339734053
1327,403.98067670563535
1328,417.1081894637625
1329,346.5654420670477
1330,383.8257047440963
1331,402.98623089908983
1332,501.93310754746153
1333,351.59193694773256
1334,304.1668928682641
1335,351.59230963274337
1336,413.0683239671638
1337,150.06033633267097
1338,382.8210273313225
1339,350.5851506355389
1340,380.8063796267051
1341,382.8187277225904
1342,455.46153061033783
1343,150.06048269044592
1344,382.82164339262096
1345,316.2635010928345
1346,393.917313058179
1347,150.06116286027046
1348,250.85435825539076
1349,383.8253122350224
1350,150.05679171008381
1351,264.92045741828326
1352,383.826237081433
1353,214.66025431916555
1354,362.6663985663875
1355,348.5760066559021
1356,145.163720063516
1357,377.77821655486736
1358,150.21221305257754
1359,188.511093712632
1360,199.5630099917305
1361,150.05444593616082
1362,494.857845829199
1363,380.80384413839823
1364,392.9050131367016
1365,150.06314670434935
1366,413.07583796348564
1367,150.06686401283736
1368,295.10079237346054
1369,296.1089151404963
1370,406.0356700819578
1371,150.06168157697124
1372,401.9586660833166
1373,420.1759572754099
1374,338.5195559708192
1375,296.1102336135185
1376,275.98027400819154
1377,150.36113641688783
1378,250.85321493699533
1379,469.58826017265613
1380,150.06163337034693
1381,382.8175838896278
1382,383.81785232341366
1383,471.6118921074495
1384,547.4705499063451
1385,384.8328016005937
1386,288.0513201292735
1387,150.0639406524818
1388,312.2381401023486
1389,150.06928055718163
1390,334.46211776567367
1391,150.06764107706533
1392,150.06310107923363
1393,150.06598594983376
1394,359.64113457848714
1395,150.0631277333481
1396,368.69769189643415
1397,382.8180629951103
1398,407.0093825933046
1399,150.05825506323242
1400,358.6296023557783
1401,281.0104573533619
1402,390.8685089915942
1403,384.8291079758818
1404,348.57630429152186
1405,150.06732609449983
1406,283.01734593302024
1407,384.8286455883261
1408,382.8186441874694
1409,587.9366264470787
1410,363.6657693198178
1411,384.8352943733954
1412,272.96114774155257
1413,150.05695594034356
1414,289.0562242472199
1415,325.3572124051038
1416,150.07055984831274
1417,418.1242958033377
1418,351.59597064198834
1419,201.57587422546737
1420,150.04988150239475
1421,307.18767040772553
1422,550.5619895925394
1423,154.37949732277087
1424,402.96449376619535
1425,147.19793879455693
1426,381.8161400539021
1427,326.37082717337813
1428,296.1128682799295
1429,150.05521815248287
1430,332.452679783228
1431,390.87096107068794
1432,350.59068126407516
1433,374.75927868154
1434,270.9520608227827
1435,150.06288062826886
1436,150.0713146334924
1437,284.02832821701736
1438,221.72315964078123
1439,150.06549856096714
1440,237.80205883374543
1441,384.836779003296
1442,150.07675747296514
1443,447.4109360472569
1444,150.07186501872323
1445,339.5147863274098
1446,213.65839417159208
1447,392.8990238561747
1448,654.8506779593711
1449,267.93436743722873
1450,300.13591125152504
1451,385.84729060804193
1452,263.9152687184286
1453,150.06895896932375
1454,311.23137326412024
1455,152.381340372968
1456,354.60640329267864
1457,310.21115197405373
1458,330.4232072231451
1459,295.0937439152629
1460,587.9487041711636
1461,366.693807677512
1462,229.77411716029343
1463,269.94893174107864
1464,312.2353744209234
1465,581.9125160922171
1466,333.4686206791982
1467,150.08167803548255
1468,415.1177768176029
1469,150.0898439558996
1470,403.01303781421143
1471,360.64409975897706
1472,416.1256522730643
1473,318.3003002247624
1474,150.0724321906721
1475,202.57917676107388
1476,150.07800087344913
1477,212.64691523560182
1478,421.18702052728673
1479,268.9418120274969
1480,290.0568420620187
1481,196.54990921867105
1482,150.07273412452273
1483,263.91288354994185
1484,342.5341108231472
1485,150.07366270800827
1486,150.15478733960376
1487,150.07817299785313
1488,150.06349690637535
1489,317.27901876035406
1490,348.5672641505985
1491,150.0710555040446
1492,321.3199041057768
1493,150.0826663755112
1494,575.889062909087
1495,247.835669584469
1496,150.07755311762477
1497,354.6066517925467
1498,150.0791356833203
1499,269.9434810096434
1500,461.54399150205336
1501,421.1665817941769
1502,276.98563882349936
1503,233.7827447402938
1504,150.0856026730979
1505,517.1075019122071
1506,305.1719753995419
1507,417.1289818988929
1508,472.6064304139299
1509,560.5806501858638
1510,351.584234351112
1511,497.914533740204
1512,335.49854403009226
1513,349.5727347656948
1514,388.8739723909049
1515,391.8788105532749
1516,150.06697441839663
1517,251.85395563754216
1518,239.8084102169957
1519,243.8211808750379
1520,693.304783863364
1521,295.10050532374913
1522,321.3256500391631
1523,368.7005912044099
1524,302.15086656769483
1525,266.9278785279346
1526,296.1054298652803
1527,384.8346552739468
1528,363.6685840329594
1529,425.2327415917964
1530,394.92498947439867
1531,310.22609133756976
1532,150.05840555655675
1533,171.4376257150447
1534,324.36448793284467
1535,150.06205806258254
1536,283.0171148451272
1537,150.134661053055
1538,637.3502382025879
1539,150.12955214444818
1540,337.5096301435132
1541,275.96232258770374
1542,150.14565587865044
1543,150.1333653807244
1544,474.6328500765838
1545,150.13613443749702
1546,150.24654548340357
1547,150.14057213662252
1548,249.83480814841985
1549,497.9085876079248
1550,326.39762027077467
1551,478.69224640307533
1552,148.26538016536935
1553,473.56074695599443
1554,150.14327362450715
1555,150.13495741371452
1556,150.12071543239333
1557,385.8544517609195
1558,220.7123957212661
1559,360.6528522437215
1560,490.816618056979
1561,403.019998858035
1562,241.79832901789442
1563,211.63955547788902
1564,150.1441466829708
1565,260.89550535287583
1566,268.9367678239781
1567,244.82019510116547
1568,297.1128383708828
1569,323.347879217526
1570,340.52161411625826
1571,212.6454953213947
1572,258.88932650760887
1573,370.7193046533157
1574,275.9789700242437
1575,308.1910782886074
1576,428.2703590961175
1577,381.81516330130086
1578,323.3383207631579
1579,490.80126658765596
1580,150.07964743519463
1581,441.36265324825905
1582,150.07458891263568
1583,251.8545287412162
1584,150.06900998420278
1585,320.30555754933204
1586,150.09241324739403
1587,314.2503116618929
1588,150.07461829950134
1589,378.79940322711406
1590,150.06382061389172
1591,150.08197082779606
1592,263.91410958460875
1593,302.15343935034673
1594,150.07253643999215
1595,384.8368641512461
1596,150.07075966410554
1597,485.74100400063935
1598,150.21465489677468
1599,391.8796401773743
1600,184.49077633569718
1601,316.2730248215204
1602,364.6799709808484
1603,384.8310156442196
1604,499.9050563114112
1605,314.2521892876188
1606,150.0680929749199
1607,403.98606673078996
1608,150.07361524140012
1609,314.25916709793484
1610,325.36528925714566
1611,224.7565900413171
1612,247.8455263899306
1613,324.35905839403733
1614,150.07213905384532
1615,244.831496510994
1616,410.0899887128904
1617,384.83736825887183
1618,150.07132330591983
1619,414.1107394680053
1620,303.1585617480114
1621,150.06522284954718
1622,373.74710655060454
1623,293.0861874006075
1624,223.73822573549052
1625,384.8337392658853
1626,605.0468662547132
1627,525.2643727322923
1628,362.6600436360528
1629,375.75932383566357
1630,362.6623549249141
1631,317.27744028535733
1632,150.08252256014103
1633,150.07028934578207
1634,354.6112329800552
1635,171.4392968970118
1636,377.7812734793043
1637,150.0790254529171
1638,385.84320724270316
1639,150.06750407465051
1640,319.29550255915376
1641,150.06509828902722
1642,426.22682131362916
1643,168.43184615983986
1644,283.0173938129331
1645,383.82325425702413
1646,150.06576208794536
1647,533.2826885641086
1648,332.45017577619103
1649,150.06634371517814
1650,150.0636600256342
1651,304.16794874093387
1652,150.06889145354776
1653,284.02571993470286
1654,276.9819201626907
1655,150.06629788744408
1656,377.7771784570692
1657,501.93744659207715
1658,384.8267124811022
1659,382.82142583783514
1660,351.5937280409818
1661,406.00959628313814
1662,150.06316002524196
1663,417.1070407925847
1664,324.3676712211447
1665,417.15926055574477
1666,362.66494328935477
1667,150.05657153967397
1668,382.8202272409112
1669,324.3552412194129
1670,341.5317849694962
1671,210.631330614654
1672,150.07085286265809
1673,221.72693971096453
1674,383.825237318913
1675,373.74308214599455
1676,453.47159398922014
1677,150.05914352441837
1678,323.3447052401477
1679,343.54764794268027
1680,329.4176639186657
1681,412.07882741457746
1682,398.9452442857139
1683,383.82560785257243
1684,308.2050635441852
1685,298.12145666007723
1686,353.60231701614396
1687,484.71874295578283
1688,150.06573958845186
1689,288.0486280207052
1690,308.20756225659983
1691,412.07726823465634
1692,462.53163535980923
1693,321.31299861957046
1694,412.10314893629504
1695,150.37945019861465
1696,150.06335563432768
1697,321.3206780097751
1698,150.0633376834096
1699,289.05809816085116
1700,268.94171774784945
1701,396.91504814204563
1702,305.17080787012316
1703,303.1619914482535
1704,333.4779203885994
1705,405.03102768067254
1706,269.9467506958289
1707,400.9702133242016
1708,150.07253980819578
1709,382.8197505338567
1710,425.22303009452975
1711,324.3506132203035
1712,206.60368611512087
1713,150.06951827772696
1714,150.0716432117569
1715,283.01935106550616
1716,150.06729810366647
1717,384.8285520682273
1718,308.1993376276191
1719,306.17148835743245
1720,202.58241906728037
1721,336.48327032258044
1722,488.79916864531094
1723,150.06522072857555
1724,290.06320823855225
1725,371.7188548288104
1726,383.8259958925743
1727,150.07502799606547
1728,294.08580897080986
1729,150.06906039953776
1730,382.81790657560276
1731,150.06389907116062
1732,153.38676525243702
1733,150.06436636533098
1734,278.9971508838979
1735,548.5098594137277
1736,259.8930987093715
1737,382.81294591338406
1738,150.06104563726387
1739,321.32987256629826
1740,222.7330751893206
1741,277.99333886412296
1742,559.7050745716695
1743,150.28147042287748
1744,150.0567139256034
1745,397.9408063670344
1746,150.05637471312684
1747,220.71582656726866
1748,337.50541173706057
1749,150.06384041324097
1750,314.24730424655695
1751,249.84931093974788
1752,329.4081642823739
1753,410.0441602329058
1754,150.08032986658574
1755,302.1461552130184
1756,224.75200422882577
1757,394.89682919347416
1758,150.08410806288467
1759,369.71277718831954
1760,287.04776797556315
1761,510.0089022666508
1762,346.5665387082797
1763,385.8434652555446
1764,150.170225516466
1765,150.07982936689896
1766,506.9768572299056
1767,419.17682744842904
1768,384.8405089468062
1769,391.87798288562317
1770,380.79895398281724
1771,150.08275941839187
1772,337.508267831593
1773,344.5492789814581
1774,385.8451588464428
1775,385.8513496590038
1776,150.07275601395276
1777,373.74595016947865
1778,289.0586108120566
1779,385.8510286219048
1780,384.8258754435777
1781,385.8453952853697
1782,384.83451889489413
1783,150.06661403189614
1784,150.07029008769084
1785,319.29768268577834
1786,150.0632778749664
1787,208.61914118017322
1788,434.2976496573793
1789,224.7563250533666
1790,384.83366056078387
1791,503.9727317609242
1792,261.904789718452
1793,335.4780502859566
1794,226.76465913540537
1795,317.2894960753217
1796,150.06916892361787
1797,324.36531090251924
1798,150.07489815262298
1799,150.10245407548416
1800,224.7488253468089
1801,331.4337537799349
1802,320.31309650053
1803,384.8286737759815
1804,418.1268336725433
1805,289.05522199202466
1806,303.1601260439176
1807,150.06862520495537
1808,783.4211977297952
1809,310.21446923714865
1810,317.2842368431349
1811,150.0688464327463
1812,150.0734409853454
1813,440.3599386264563
1814,150.07322457305065
1815,385.84635303572395
1816,150.06083432116117
1817,150.07205208074646
1818,249.85088784930537
1819,218.7008322080713
1820,384.8311903539709
1821,374.75476911127043
1822,149.2070084393186
1823,239.81176609007946
1824,206.60537811581642
1825,363.66536372973434
1826,384.83826920209196
1827,359.6433366746126
1828,150.06438401912553
1829,583.9191954104107
1830,365.6789957295451
1831,216.67918345970037
1832,223.7393044746981
1833,407.00949117791583
1834,150.06543711673035
1835,299.128810439596
1836,253.8677493140141
1837,411.0623249046637
1838,330.4178717423433
1839,150.05760486083747
1840,382.8171283780091
1841,277.9935786404763
1842,413.06935503310785
1843,384.82667100801206
1844,150.05924689602125
1845,183.48556471200584
1846,385.84405212040093
1847,423.2188015495905
1848,220.7181695773846
1849,467.58479726158487
1850,145.21987352217795
1851,295.10150244354423
1852,514.0478610893829
1853,252.86121902254894
1854,265.9223155531546
1855,150.06967827846458
1856,150.0720775700189
1857,299.1256702361587
1858,363.67059921667294
1859,363.67245750723464
1860,414.0910076828213
1861,382.80399898756906
1862,299.12608523014103
1863,332.4440129652299
1864,150.06614391633187
1865,254.87342511567084
1866,247.84403770647646
1867,296.106254022207
1868,373.7390822765406
1869,150.05746170924758
1870,150.0753605958971
1871,150.07384258147766
1872,384.83178836379517
1873,350.58185584974916
1874,150.06867387115543
1875,204.59265131044359
1876,150.06539732209424
1877,284.02274015759315
1878,299.12378052990954
1879,277.9860278610717
1880,471.60897264014676
1881,315.2688352455688
1882,150.06185501820173
1883,388.86587361699867
1884,355.6105806782386
1885,254.87337525016332
1886,431.28834076271494
1887,160.40577064185405
1888,840.1054967551205
1889,381.80916396159324
1890,237.80253621703048
1891,298.12203046864136
1892,308.20597174904293
1893,290.06360352235737
1894,150.32716565034013
1895,250.8496145292931
1896,304.16561822756677
1897,271.96008120876166
1898,373.7456318808261
1899,317.27669812077727
1900,230.7757632791968
1901,150.06974499055806
1902,150.0668268736285
1903,150.0717717370914
1904,332.4588049841789
1905,220.72222361950648
1906,311.2303631242332
1907,150.06423610418642
1908,253.86796239469055
1909,239.81042498473246
1910,150.07046212473728
1911,463.5375947043327
1912,224.75075223573393
1913,315.2640424453742
1914,292.058910349302
1915,346.5579140842506
1916,150.06771001723743
1917,150.07630830378017
1918,330.43355577987387
1919,163.41476033716367
1920,317.29879483059887
1921,192.52513502899208
1922,240.80821849705086
1923,403.01724297014715
1924,284.02686038482625
1925,516.1297833488602
1926,385.8303435522492
1927,284.02187834934347
1928,342.53374712584997
1929,392.91161272797416
1930,261.90085707845685
1931,294.08792381931
1932,562.7717464767893
1933,150.0885737856977
1934,150.08269465656895
1935,350.5913712399524
1936,529.2960164402341
1937,292.0756793198017
1938,379.78141807213757
1939,225.75912808568006
1940,778.3380394235893
1941,328.40800465548546
1942,390.8759723083274
1943,316.26940640464926
1944,150.08652796578622
1945,299.1253555326177
1946,539.4806160026241
1947,271.9357601609911
1948,323.34522029592955
1949,180.47311225152714
1950,307.20113010733957
1951,301.13549010485593
1952,336.50237267337906
1953,367.70320187743425
1954,354.6129141901503
1955,259.8989255003015
1956,384.8264395115302
1957,219.70426539849026
1958,391.8827696987699
1959,420.1874413905964
1960,290.0419959187362
1961,150.07755808573117
1962,278.99819890140395
1963,212.65299660379716
1964,320.31111382317084
1965,262.9061453102499
1966,388.8577094052416
1967,417.1329225679139
1968,341.52348310353466
1969,341.5376722379659
1970,230.7753848673156
1971,270.95179711378995
1972,321.32647759979034
1973,150.0700426097084
1974,595.001447585837
1975,348.56116988168077
1976,234.7910188503354
1977,150.07466331102947
1978,260.88596072057726
1979,274.9670850358615
1980,315.2610385460878
1981,703.4813767487591
1982,307.188972148847
1983,317.28122581341216
1984,573.8641206377471
1985,251.85546075928298
1986,380.8020295050133
1987,291.0694635928923
1988,384.83369023901963
1989,340.5314218003275
1990,223.738156383343
1991,480.6965341621473
1992,330.43093409037607
1993,150.07383949400676
1994,390.88438086988657
1995,854.8938843460505
1996,426.2469742558672
1997,390.87567030682095
1998,335.4751909121538
1999,150.08199751766415
2000,324.35461407720317
2001,150.2968654984915
2002,150.3675358107501
2003,480.7133941456032
2004,360.64900716358324
2005,323.34542743374504
2006,554.6083154795364
2007,150.0759777881585
2008,144.2342656674482
2009,150.07354868540006
2010,253.86911254492549
2011,383.82542755961333
2012,283.01798093490123
2013,274.9676298201327
2014,150.079449755378
2015,578.8808929141934
2016,178.46452619403283
2017,597.9105466977492
2018,247.8320511810875
2019,715.4305105488203
2020,420.2060023430268
2021,289.0513221241456
2022,385.85330883650386
2023,332.45544361083284
2024,738.3904835103676
2025,361.6666259053284
2026,261.90123545565945
2027,444.3698992307737
2028,398.9718775647298
2029,393.9106746570305
2030,150.07756771971947
2031,533.4645485420288
2032,150.0741508244954
2033,247.8376202946663
2034,350.5761755633967
2035,890.5305432636648
2036,396.9489193607278
2037,524.2686980795946
2038,362.66579117666504
2039,531.1057346373693
2040,286.037439450044
2041,150.07392188309984
2042,525.2745917816566
2043,271.9444465152096
2044,308.20713184204874
2045,150.0798600282276
2046,306.18202248998506
2047,376.7618369558554
2048,615.6050486506641
2049,259.88845002757915
2050,413.10531164864403
2051,150.34854994800247
2052,262.90721011730903
2053,297.1108606794729
2054,150.08640362687555
2055,381.8041007637078
2056,280.0003747499623
2057,297.1121408076224
2058,805.9418485907954
2059,316.27349906473677
2060,535.3559077913663
2061,150.11512795175614
2062,523.1209292659789
2063,352.58811788531256
2064,441.35749701698137
2065,287.03665692102993
2066,493.9269574364532
2067,146.3003052126357
2068,270.9470152340631
2069,396.96370078376265
2070,845.2390556498999
2071,334.4903470947645
2072,274.96267394129615
2073,360.6465700293226
2074,529.1367252718246
2075,150.13340288982326
2076,150.12321192754874
2077,485.8844103622841
2078,497.9051060861334
2079,364.6766951958189
2080,514.1944415218617
2081,150.12408699951254
2082,276.98436307989823
2083,684.921854964647
2084,150.13888695567562
2085,150.13419335133568
2086,495.0459863833857
2087,574.9274769563663
2088,150.11668463577448
2089,288.05144126032
2090,150.12413946576646
2091,281.00222021344894
2092,148.24510400035084
2093,298.1175301712912
2094,264.9104614610833
2095,322.34014112985795
2096,485.7886697118346
2097,474.7354137563671
2098,525.1372121289169
2099,613.0777388349089
2100,306.1912661444064
2101,396.90068631458115
2102,729.8352907792896
2103,341.52681153379064
2104,537.4236182902334
2105,320.31747856437556
2106,391.90446011960853
2107,537.6475651854461
2108,584.2528373069674
2109,426.1817444571561
2110,315.25974420725186
2111,532.2087848671987
2112,268.9390009080163
2113,474.785995469707
2114,150.12131182008417
2115,354.6027568415884
2116,353.59726962921616
2117,306.1900099515203
2118,267.92398060193045
2119,264.9188909837462
2120,517.4281701742734
2121,254.86769801724765
2122,150.12071160284182
2123,294.08950516680517
2124,521.1786551164413
2125,322.36818904966174
2126,324.35210877647785
2127,446.4362999031612
2128,377.7969979296706
2129,291.06985468517763
2130,369.6668674902477
2131,343.5331128782597
2132,286.03594317091904
2133,267.9298947049916
2134,322.3445827159859
2135,373.73956966089924
2136,331.2638627288098
2137,411.2112536745116
2138,322.36898741540494
2139,344.5376688810793
2140,297.1094029720785
2141,430.6346244511937
2142,251.8866574070457
2143,572.1102709507538
2144,404.08159713698745
2145,258.7913502470679
2146,499.89378367110635
2147,269.9391400547589
2148,302.1502105583703
2149,150.1242952737069
2150,324.3711948638633
2151,459.47721656650253
2152,404.0543145490361
2153,380.77102308254325
2154,254.85490475622504
2155,252.85102358617797
2156,243.804602446983
2157,150.17769827384447
2158,398.971936131304
2159,479.63262669637
2160,357.62006120942607
2161,451.8134607590073
2162,281.010791441686
2163,318.289815448552
2164,319.3121427021228
2165,412.09952017975394
2166,337.50926492223135
2167,278.03612955176106
2168,329.51845470938883
2169,327.3290901988908
2170,260.89592423163896
2171,345.54877896116653
2172,262.9645368193237
2173,286.0847048638459
2174,193.63642704382548
2175,245.8416426679837
2176,150.288355572082
2177,354.4559247846522
2178,344.25706671279016
2179,239.78012542183103
2180,283.0683405061273
2181,150.4246287132793
2182,332.29225276305334
2183,254.8872237551456
2184,277.05951914285896
2185,514.9854510415645
2186,329.2997174077593
2187,375.6340510302684
2188,242.9045310798013
2189,395.9108566137618
2190,150.18496257172788
2191,366.5582013527618
2192,304.36774897164736
2193,394.0879262829591
2194,150.40675062718574
2195,374.7466278707525
2196,281.0945117331294
2197,144.10538111529104
2198,377.9115553711968
2199,286.0736124971343
2200,367.8282765415259
2201,243.7261692945418
2202,210.67220754182247
2203,458.3671401199022
2204,299.1086760428093
2205,264.02461229576295
2206,378.8802846183119
2207,286.0329355408749
2208,390.0430327625395
2209,233.75265645431108
2210,358.6188341617626
2211,208.6514706499022
2212,453.3741869043366
2213,325.51157789499086
2214,305.3017312921879
2215,313.4638520874279
2216,429.18133901907584
2217,215.67092330753914
2218,247.81501934856453
2219,324.41540964391567
2220,417.0901885682519
2221,372.734850451442
2222,283.02543298141984
2223,150.10353226703768
2224,312.24509108769035
2225,376.7724980981122
2226,274.96460415696913
2227,348.57536192949556
2228,214.70149053600102
2229,359.64794067812494
2230,263.0213923630577
2231,150.15391323681393
2232,221.71448798690705
2233,354.6999070409982
2234,395.94197882487526
2235,355.50724017003006
2236,412.0883325659272
2237,352.5919226483431
2238,341.48990652452784
2239,333.35776243351535
2240,185.6164111031296
2241,327.4424738366825
2242,483.5576398446306
2243,150.1416787908047
2244,150.50568747074934
2245,266.9174386894978
2246,339.5891835709592
2247,310.23947069794724
2248,472.4810786107256
2249,150.14435684052359
2250,471.6024697292691
2251,150.17675975517793
2252,265.8915418323946
2253,211.63508188282532
2254,150.13469950973894
2255,329.4465140354698
2256,476.7872498003565
2257,312.25648817131025
2258,361.7118011310403
2259,265.8875338102262
2260,344.65993968978046
2261,142.23715416698792
2262,358.62696246620663
2263,150.16116118023973
2264,284.0327115183496
2265,339.5221366931629
2266,353.6224589294708
2267,327.40882990028285
2268,306.2014651525311
2269,415.1285154044933
2270,253.84216980329316
2271,243.8146047976098
2272,315.2873229263302
2273,267.06902317781595
2274,398.92122401774947
2275,267.9204644445943
2276,353.64472900033905
2277,436.33184962038996
2278,150.12718136714096
2279,258.8220400037736
2280,462.3966690493282
2281,341.5335238376731
2282,327.3112340628432
2283,150.28953943599097
2284,390.01628647069305
2285,345.61312337830077
2286,388.9666856945568
2287,429.3585027027861
2288,544.1795088876772
2289,453.44147682769585
2290,297.1966167531733
2291,481.83321018400727
2292,186.49697589682575
2293,333.4562712043195
2294,470.69797567193274
2295,375.9026883272183
2296,465.6914077544563
2297,458.849529743477
2298,455.82031254677645
2299,548.1888502391695
2300,521.0148154850283
2301,395.06022860827477
2302,389.9171033363937
2303,428.3069897627485
2304,364.7257014538651
2305,316.3635903580362
2306,239.87041085210294
2307,408.14565510133525
2308,455.477148371363
2309,275.96208856643597
2310,377.823342548316
2311,485.73385489676616
2312,378.84574055908854
2313,514.0012544311979
2314,280.0370177034722
2315,314.32668650284546
2316,409.4806360355383
2317,386.89606338306396
2318,414.04760032663506
2319,529.1701766292357
2320,364.6863105829608
2321,350.69978422158755
2322,303.2867719483849
2323,328.5552448240824
2324,468.4247523742005
2325,399.056947736127
2326,434.24684602950174
2327,403.0025695050711
2328,420.1699478162676
2329,278.0147734080932
2330,212.70262295619906
2331,137.1721004088463
2332,291.17850722501896
2333,282.1416558225876
2334,259.03217299232693
2335,314.3351202033014
2336,328.43139080626383
2337,425.15783597143803
2338,410.0419769545552
2339,341.56540492564596
2340,362.8743561244747
2341,419.136245054514
2342,311.29153009336477
2343,270.03877280482436
2344,365.7603867830678
2345,343.65211011093606
2346,319.31032187141716
2347,468.57733271638534
2348,282.02956226771914
2349,409.0538147054551
2350,318.31646464557775
2351,355.6128807851596
2352,376.7480082598943
2353,239.72075608212847
2354,288.1662750184024
2355,380.8479289250216
2356,299.2402990350395
2357,421.61895803031786
2358,356.6120559395531
2359,530.2518332346493
2360,257.9576298743747
2361,349.6004623954807
2362,306.3149628636129
2363,288.1269412118415
2364,349.6157959793009
2365,389.98455389025054
2366,317.33905280034884
2367,425.1973700097312
2368,226.73560378648332
2369,265.06670660583353
2370,382.916049246836
2371,380.1618118834825
2372,314.3505449859926
2373,485.7751599393392
2374,449.3991348271341
2375,390.92514659134315
2376,485.5788162338983
2377,433.3641449245697
2378,433.51521046253947
2379,268.0017861103546
2380,281.0133826412856
2381,355.6568644259916
2382,306.2123136618221
2383,270.08197569120796
2384,309.213915205277
2385,376.7481323373081
2386,416.17381137292585
2387,394.8503161952641
2388,325.4217456321192
2389,343.4877711911556
2390,294.0959736289825
2391,394.988533367898
2392,333.47312903506844
2393,309.1533368397994
2394,408.07405860685793
2395,240.83786684881798
2396,478.66216694809776
2397,153.4540411932749
2398,323.4405477193202
2399,376.84924175220624
2400,271.9545175809881
2401,422.06407747544705
2402,443.3991508130049
2403,301.2246830430033
2404,341.61051026114956
2405,363.7773643859449
2406,188.4969425660566
2407,328.5021227343878
2408,355.5811467860129
2409,572.5754649311805
2410,317.43226493895014
2411,427.31501969735757
2412,370.7233113779501
2413,379.84255165094675
2414,395.0985018668208
2415,427.3171490879852
2416,569.5564276173552
2417,235.7297909406009
2418,363.6893814431814
2419,315.3172879369702
2420,361.79694347745016
2421,383.00018946694246
2422,358.834122845107
2423,347.542788436553
2424,400.98992864185806
2425,325.2242522890696
2426,338.5317429355047
2427,415.28113860248385
2428,355.63905990897996
2429,338.54344647843516
2430,415.18538314937973
2431,528.257365825015
2432,406.186327000684
2433,321.2672743710194
2434,464.39195807920964
2435,285.04760764661444
2436,419.262212931995
2437,239.71765077597246
2438,326.46785560389554
2439,252.85167299723776
2440,347.55365540660495
2441,465.7005313674221
2442,361.7146158250694
2443,370.8652980295044
2444,426.1474281304062
2445,602.1771797286239
2446,412.47024849052815
2447,353.59845173738006
2448,359.66956894082733
2449,343.59623317153654
2450,338.37225880572805
2451,361.86907059511805
2452,313.2940987791436
2453,393.9786583321923
2454,186.52753529569515
2455,150.20038446872408
2456,477.559239662087
2457,382.837005852515
2458,339.4522013825931
2459,371.7777043002379
2460,328.35559554076303
2461,424.3307002841434
2462,370.8311797361809
2463,399.03897590004055
2464,259.0596339256185
2465,327.46035468820315
2466,342.5345531758474
2467,331.43879862055854
2468,423.4257814171324
2469,507.62973754456607
2470,341.5092078780714
2471,514.5771624222706
2472,468.6092793742116
2473,279.1011412031202
2474,441.31872671473593
2475,320.36953567997097
2476,320.35160905935453
2477,479.60951215959886
2478,150.1471034416648
2479,401.0175808457945
2480,392.99187897431983
2481,297.0776907093155
2482,366.7195202896793
2483,403.1657689142712
2484,340.49789331196126
2485,383.8123284775728
2486,144.1164484892571
2487,390.8540552838932
2488,444.3730514987559
2489,319.34726117476475
2490,235.67494496806543
2491,339.2853173083372
2492,330.46242302140865
2493,263.92602386080847
2494,451.435344582565
2495,337.52892261168694
2496,375.9013663896672
2497,326.38117886310505
2498,378.82680612805524
2499,409.9925860708077
2500,354.3521479431244
2501,315.1781246406868
2502,387.91015889844016
2503,388.94941355269657
2504,336.4365823463896
2505,411.23856904383996
2506,475.591012178405
2507,426.28959153460016
2508,356.63241787339956
2509,356.7878384432256
2510,371.8491532597307
2511,442.54292810242407
2512,412.9546737515417
2513,395.92688898896563
2514,378.85261674007603
2515,441.49483183250004
2516,523.1126995724111
2517,503.95911637436984
2518,389.0015460621238
2519,236.71581536623773
2520,336.48038858023546
2521,396.96909830511413
2522,352.643640395133
2523,496.24888259426297
2524,489.74617879445526
2525,415.2303347744004
2526,483.78376933696944
2527,323.3805730398536
2528,363.68521563483284
2529,419.18683128067556
2530,341.636824308797
2531,424.22263714763284
2532,274.0433945075751
2533,432.1236829830759
2534,415.21290123242227
2535,464.65144985390185
2536,457.58974596038934
2537,405.1628983824872
2538,343.5817532195563
2539,399.07319130845065
2540,338.49045896986036
2541,366.77849337388847
2542,372.8008169052182
2543,250.83748222264595
2544,427.2839317930102
2545,358.663802443423
2546,436.2885459064727
2547,441.3709184932449
2548,355.62772873944846
2549,470.64533218822714
2550,467.7460024850785
2551,288.06451837430166
2552,297.14823015875197
2553,415.17249135210085
2554,444.52919807309036
2555,420.3136519805066
2556,426.3153071091177
2557,540.5863598022808
2558,419.18044747261104
2559,330.5565893744721
2560,306.3398155009773
2561,438.37726244236364
2562,318.36226710900104
2563,422.24601491448544
2564,432.39990415236923
2565,418.22986866226665
2566,432.37569163967703
2567,469.75463464077035
2568,408.1579077485844
2569,515.8487204373615
2570,481.8213725505895
2571,444.5747499331863
2572,381.9411348715697
2573,562.8973165179924
2574,362.7202931705138
2575,453.5123978836416
2576,499.74371292923183
2577,536.4117081206024
2578,391.99265100164376
2579,359.66083524660183
2580,427.38980970234206
2581,413.98968903718645
2582,348.6318608360257
2583,467.5741018767452
2584,432.33772646866527
2585,396.0460105928444
2586,518.2349756752753
2587,438.37566815952914
2588,329.45379279781963
2589,434.1097598080415
2590,566.9261777582074
2591,356.67057643321175
2592,191.47201362790298
2593,388.9525184093298
2594,364.6973057826392
2595,222.70080080664147
2596,425.25359775640425
2597,553.3349851814959
2598,481.7957428013772
2599,413.09816158720804
2600,245.76332477638726
2601,611.2176503243697
2602,388.98093707795664
2603,405.1247833075413
2604,510.2334722570975
2605,331.44219382336547
2606,495.96021473536445
2607,330.43256531278166
2608,451.4424413583589
2609,294.1734533471665
2610,355.737610834448
2611,377.86169368544853
2612,305.1936607795471
2613,314.32904141707246
2614,398.07472111398505
2615,311.29215127078913
2616,412.15216361065137
2617,357.632139269966
2618,426.2149136746626
2619,776.3305664183335
2620,586.574637742686
2621,545.2188273753196
2622,304.2387704264468
2623,307.19887349271744
2624,574.6321128026065
2625,386.8850747083118
2626,456.90274616267754
2627,535.2097053307538
2628,481.88130636552563
2629,330.42647943504915
2630,397.02985285633747
2631,437.39308514063674
2632,419.1623552269355
2633,257.8270000763085
2634,328.43439992553766
2635,556.8327514789235
2636,553.4854623300146
2637,407.0502120756945
2638,562.256459611108
2639,379.8625493418148
2640,510.9614241073313
2641,545.6108942732694
2642,392.0047214379301
2643,817.1762006696227
2644,337.4848863402607
2645,150.19757473246912
2646,481.7677523194476
2647,478.8135206977979
2648,416.182030486854
2649,451.5052584333511
2650,426.295576137477
2651,345.58394859884504
2652,431.3101977210336
2653,473.79044086574567
2654,488.8573070824229
2655,202.56183212264673
2656,262.8682630845009
2657,461.545712262591
2658,1017.6560546873925
2659,544.7148757764934
2660,473.9097243390701
